"Date","Time","Open","High","Low","Close","Up","Down","CV","ZeroLine","Zero Cross","UpperBand","LowerBand","MidLine","VolROC","ZeroLine"
02/22/2021,16:32,129.50,129.55,129.03,129.27,284220,271592,0.00,0.00,0.00,0.00,0.00,0.00,0.00,0.00
02/22/2021,16:33,129.26,129.27,128.77,128.81,195413,184634,0.00,0.00,0.00,0.00,0.00,0.00,0.00,0.00
02/22/2021,16:34,128.81,128.90,128.23,128.34,242976,286821,0.00,0.00,0.00,0.00,0.00,0.00,0.00,0.00
02/22/2021,16:35,128.34,128.35,128.02,128.10,281030,233405,0.00,0.00,0.00,0.00,0.00,0.00,0.00,0.00
02/22/2021,16:36,128.08,128.43,127.95,127.97,297932,305686,0.00,0.00,0.00,0.00,0.00,0.00,0.00,0.00
02/22/2021,16:37,127.95,128.38,127.82,128.36,266638,213997,0.00,0.00,0.00,0.00,0.00,0.00,0.00,0.00
02/22/2021,16:38,128.36,128.53,128.15,128.42,168384,185255,0.00,0.00,0.00,0.00,0.00,0.00,0.00,0.00
02/22/2021,16:39,128.41,128.77,128.40,128.66,144693,160264,0.00,0.00,0.00,0.00,0.00,0.00,0.00,0.00
02/22/2021,16:40,128.68,128.73,128.43,128.49,108990,141348,0.00,0.00,0.00,0.00,0.00,0.00,0.00,0.00
02/22/2021,16:41,128.51,128.51,128.22,128.25,155546,184291,0.00,0.00,0.00,0.00,0.00,0.00,0.00,0.00
02/22/2021,16:42,128.26,128.45,128.06,128.06,137275,161103,0.00,0.00,0.00,0.00,0.00,0.00,0.00,0.00
02/22/2021,16:43,128.05,128.25,128.00,128.23,127383,144669,0.00,0.00,0.00,0.00,0.00,0.00,0.00,0.00
02/22/2021,16:44,128.23,128.50,128.15,128.47,112204,118884,0.00,0.00,0.00,0.00,0.00,0.00,0.00,0.00
02/22/2021,16:45,128.48,128.65,128.41,128.57,128805,101565,0.00,0.00,0.00,0.00,0.00,0.00,0.00,0.00
02/22/2021,16:46,128.58,128.75,128.44,128.47,174162,139010,0.00,0.00,0.00,0.00,0.00,0.00,-43.66,0.00
02/22/2021,16:47,128.47,128.59,128.40,128.55,103828,141329,0.00,0.00,0.00,0.00,0.00,0.00,-35.49,0.00
02/22/2021,16:48,128.56,128.82,128.55,128.71,159316,150643,0.00,0.00,0.00,0.00,0.00,0.00,-41.49,0.00
02/22/2021,16:49,128.71,128.95,128.71,128.95,126061,111149,0.00,0.00,0.00,0.00,0.00,0.00,-53.89,0.00
02/22/2021,16:50,128.95,128.98,128.87,128.93,124577,133293,0.00,0.00,0.00,0.00,0.00,0.00,-57.28,0.00
02/22/2021,16:51,128.94,128.98,128.81,128.86,117088,103849,0.00,0.00,0.00,129.17,127.88,128.52,-54.03,0.00
02/22/2021,16:52,128.88,128.96,128.83,128.92,112868,99570,-43.29,0.00,0.00,129.09,127.92,128.51,-39.93,0.00
02/22/2021,16:53,128.92,129.05,128.86,128.86,157195,125197,-40.88,0.00,0.00,129.10,127.92,128.51,-7.40,0.00
02/22/2021,16:54,128.86,128.89,128.71,128.73,108201,150836,-42.24,0.00,0.00,129.12,127.94,128.53,3.47,0.00
02/22/2021,16:55,128.72,128.74,128.57,128.70,117613,141236,-40.56,0.00,0.00,129.12,128.00,128.56,-23.83,0.00
02/22/2021,16:56,128.70,128.85,128.58,128.58,133616,120799,-35.89,0.00,0.00,129.08,128.10,128.59,-14.73,0.00
02/22/2021,16:57,128.58,128.77,128.57,128.72,91185,60973,-31.28,0.00,0.00,129.09,128.13,128.61,-44.07,0.00
02/22/2021,16:58,128.72,128.81,128.46,128.55,94761,118504,-21.35,0.00,0.00,129.09,128.14,128.61,-7.71,0.00
02/22/2021,16:59,128.55,128.67,128.55,128.59,58306,73181,-25.66,0.00,0.00,129.08,128.14,128.61,-42.92,0.00
02/22/2021,17:00,128.59,128.60,128.42,128.49,98370,109632,-18.72,0.00,0.00,129.08,128.14,128.61,-33.58,0.00
02/22/2021,17:01,128.48,128.73,128.42,128.71,143085,97015,-5.78,0.00,0.00,129.08,128.19,128.63,-2.06,0.00
02/22/2021,17:02,128.71,128.85,128.59,128.62,102721,118955,5.52,0.00,0.00,129.02,128.30,128.66,-28.48,0.00
02/22/2021,17:03,128.61,128.68,128.52,128.65,54418,81920,2.11,0.00,0.00,128.98,128.38,128.68,-42.52,0.00
02/22/2021,17:04,128.65,128.74,128.49,128.51,80423,94478,7.87,0.00,0.00,128.98,128.39,128.68,-32.17,0.00
02/22/2021,17:05,128.50,128.59,128.39,128.54,112116,104881,9.36,0.00,0.00,128.98,128.38,128.68,-1.78,0.00
02/22/2021,17:06,128.55,128.56,128.26,128.41,102964,116655,9.76,0.00,0.00,128.99,128.37,128.68,3.38,0.00
02/22/2021,17:07,128.41,128.48,128.29,128.31,102840,93406,7.23,0.00,0.00,129.01,128.32,128.67,-30.51,0.00
02/22/2021,17:08,128.30,128.31,128.04,128.18,189077,216061,-0.86,0.00,0.00,129.04,128.24,128.64,56.40,0.00
02/22/2021,17:09,128.18,128.18,127.88,128.00,224786,320105,14.41,0.00,0.00,129.06,128.13,128.59,110.51,0.00
02/22/2021,17:10,128.00,128.10,127.90,128.04,142632,144790,13.89,0.00,0.00,129.05,128.05,128.55,12.97,0.00
02/22/2021,17:11,128.03,128.11,127.91,127.92,180720,137014,1.66,0.00,0.00,129.05,127.96,128.50,108.82,0.00
02/22/2021,17:12,127.91,128.08,127.90,128.03,125363,107840,-4.91,0.00,0.00,129.00,127.91,128.46,9.35,0.00
02/22/2021,17:13,128.04,128.37,127.98,128.34,187211,132544,14.74,0.00,0.00,128.95,127.91,128.43,143.18,0.00
02/22/2021,17:14,128.34,128.34,128.18,128.24,101086,95191,4.52,0.00,0.00,128.91,127.90,128.41,-5.64,0.00
02/22/2021,17:15,128.25,128.25,128.11,128.16,65391,61702,-1.17,0.00,0.00,128.88,127.88,128.38,-47.07,0.00
02/22/2021,17:16,128.15,128.15,127.69,127.77,212794,280455,11.47,0.00,0.00,128.89,127.79,128.34,122.51,0.00
02/22/2021,17:17,127.76,127.85,127.70,127.73,155937,149631,6.52,0.00,0.00,128.87,127.71,128.29,124.13,0.00
02/22/2021,17:18,127.74,127.88,127.72,127.83,165208,117749,-3.36,0.00,0.00,128.86,127.65,128.25,61.78,0.00
02/22/2021,17:19,127.83,127.83,127.62,127.67,121105,187187,-9.25,0.00,0.00,128.84,127.57,128.21,42.07,0.00
02/22/2021,17:20,127.68,127.81,127.61,127.75,122211,126284,-7.84,0.00,0.00,128.82,127.52,128.17,13.15,0.00
02/22/2021,17:21,127.74,127.89,127.66,127.74,140065,117762,-4.25,0.00,0.00,128.75,127.50,128.12,31.38,0.00
02/22/2021,17:22,127.74,127.83,127.55,127.59,125453,172311,4.57,0.00,0.00,128.69,127.45,128.07,-26.50,0.00
02/22/2021,17:23,127.58,127.58,127.36,127.46,195846,314355,-8.95,0.00,0.00,128.63,127.39,128.01,-6.37,0.00
02/22/2021,17:24,127.47,127.55,127.39,127.51,139344,162438,-7.85,0.00,0.00,128.57,127.35,127.96,5.00,0.00
02/22/2021,17:25,127.52,127.52,127.26,127.27,131776,223018,3.06,0.00,0.00,128.52,127.28,127.90,11.66,0.00
02/22/2021,17:26,127.26,127.32,127.09,127.16,305385,289913,-13.86,0.00,0.00,128.49,127.18,127.83,155.27,0.00
02/22/2021,17:27,127.16,127.21,127.01,127.03,172260,245998,-8.54,0.00,0.00,128.47,127.07,127.77,30.81,0.00
02/22/2021,17:28,127.03,127.05,126.82,127.01,393769,742159,-1.84,0.00,0.00,128.46,126.96,127.71,478.74,0.00
02/22/2021,17:29,127.00,127.19,126.98,127.07,149736,185048,-1.52,0.00,0.00,128.45,126.88,127.67,163.42,0.00
02/22/2021,17:30,127.07,127.19,126.91,127.13,149634,242672,5.36,0.00,0.00,128.42,126.82,127.62,-20.46,0.00
02/22/2021,17:31,127.11,127.16,126.90,127.06,143117,184776,6.81,0.00,0.00,128.40,126.75,127.58,7.31,0.00
02/22/2021,17:32,127.06,127.25,127.02,127.02,162720,125620,1.40,0.00,0.00,128.36,126.70,127.53,1.90,0.00
02/22/2021,17:33,127.01,127.07,126.90,126.95,181441,186827,-2.80,0.00,0.00,128.23,126.68,127.46,19.45,0.00
02/22/2021,17:34,126.96,126.96,126.87,126.89,153519,194184,-8.29,0.00,0.00,128.12,126.66,127.39,39.92,0.00
02/22/2021,17:35,126.89,126.96,126.61,126.74,324486,495001,0.73,0.00,0.00,128.01,126.63,127.32,217.84,0.00
02/22/2021,17:36,126.74,126.94,126.70,126.83,164004,145856,1.40,0.00,0.00,127.96,126.59,127.27,4.06,0.00
02/22/2021,17:37,126.83,126.83,126.54,126.72,169173,193833,8.57,0.00,0.00,127.91,126.53,127.22,-28.85,0.00
02/22/2021,17:38,126.72,126.73,126.56,126.69,154134,140468,2.06,0.00,0.00,127.84,126.49,127.16,-2.38,0.00
02/22/2021,17:39,126.69,126.80,126.55,126.68,168396,163058,5.00,0.00,0.00,127.78,126.45,127.11,-6.58,0.00
02/22/2021,17:40,126.67,126.87,126.65,126.85,179471,167098,-0.81,0.00,0.00,127.67,126.47,127.07,-41.78,0.00
02/22/2021,17:41,126.84,126.90,126.74,126.79,117035,132185,-8.34,0.00,0.00,127.55,126.50,127.02,-40.41,0.00
02/22/2021,17:42,126.79,126.99,126.69,126.70,158110,188556,-1.45,0.00,0.00,127.45,126.50,126.98,-69.48,0.00
02/22/2021,17:43,126.69,127.00,126.66,127.00,165632,102891,12.58,0.00,0.00,127.38,126.53,126.96,-19.79,0.00
02/22/2021,17:44,127.00,127.11,126.91,127.05,176188,100178,21.59,0.00,0.00,127.27,126.59,126.93,-29.55,0.00
02/22/2021,17:45,127.05,127.13,126.97,127.05,148552,137483,0.28,0.00,0.00,127.23,126.61,126.92,-12.77,0.00
02/22/2021,17:46,127.05,127.06,126.92,126.96,122508,134909,-7.71,0.00,0.00,127.20,126.62,126.91,-10.72,0.00
02/22/2021,17:47,126.96,127.04,126.91,127.03,105073,75867,-18.13,0.00,0.00,127.20,126.62,126.91,-50.87,0.00
02/22/2021,17:48,127.03,127.04,126.91,126.91,124595,109157,-18.87,0.00,0.00,127.19,126.62,126.91,-32.77,0.00
02/22/2021,17:49,126.91,127.00,126.89,126.96,95898,81262,-26.16,0.00,0.00,127.18,126.62,126.90,-78.38,0.00
02/22/2021,17:50,126.97,126.97,126.84,126.89,76748,111659,-28.73,0.00,0.00,127.15,126.63,126.89,-39.20,0.00
02/22/2021,17:51,126.88,126.94,126.59,126.64,165865,230297,-8.94,0.00,0.00,127.13,126.60,126.87,9.13,0.00
02/22/2021,17:52,126.64,126.76,126.52,126.57,170004,157090,-11.54,0.00,0.00,127.13,126.56,126.85,11.03,0.00
02/22/2021,17:53,126.57,126.59,126.50,126.53,158395,229961,-26.77,0.00,0.00,127.14,126.51,126.82,17.17,0.00
02/22/2021,17:54,126.53,126.58,126.42,126.42,161318,356621,-25.76,0.00,0.00,127.16,126.44,126.80,49.45,0.00
02/22/2021,17:55,126.43,126.51,126.24,126.31,305328,380767,-13.66,0.00,0.00,127.19,126.36,126.78,175.30,0.00
02/22/2021,17:56,126.31,126.39,126.26,126.35,226415,165256,-12.87,0.00,0.00,127.21,126.30,126.75,12.98,0.00
02/22/2021,17:57,126.35,126.37,126.04,126.05,181790,277969,7.17,0.00,0.00,127.27,126.17,126.72,71.22,0.00
02/22/2021,17:58,126.05,126.15,125.70,125.75,367987,653703,37.79,0.00,0.00,127.37,125.98,126.67,269.69,0.00
02/22/2021,17:59,125.75,125.79,125.60,125.79,316405,279150,41.88,0.00,0.00,127.42,125.84,126.63,108.21,0.00
02/22/2021,18:00,125.79,125.97,125.76,125.93,219062,212185,44.72,0.00,0.00,127.43,125.74,126.58,67.53,0.00
02/22/2021,18:01,125.92,126.13,125.89,126.12,202418,163887,20.17,0.00,0.00,127.41,125.69,126.55,102.45,0.00
02/22/2021,18:02,126.12,126.14,125.95,126.01,138362,218604,11.45,0.00,0.00,127.40,125.63,126.52,52.71,0.00
02/22/2021,18:03,126.01,126.19,125.79,126.15,187387,193631,41.03,0.00,0.00,127.35,125.60,126.47,115.07,0.00
02/22/2021,18:04,126.16,126.28,126.04,126.24,118210,99870,42.48,0.00,0.00,127.27,125.60,126.43,15.75,0.00
02/22/2021,18:05,126.24,126.28,126.09,126.22,101165,80160,24.44,0.00,0.00,127.18,125.60,126.39,-54.23,0.00
02/22/2021,18:06,126.21,126.38,126.19,126.37,129238,113992,27.23,0.00,0.00,127.11,125.62,126.36,-25.64,0.00
02/22/2021,18:07,126.36,126.37,126.24,126.28,96771,113481,2.21,0.00,0.00,127.01,125.64,126.32,-45.86,0.00
02/22/2021,18:08,126.28,126.29,126.04,126.09,82544,142307,-12.80,0.00,0.00,126.92,125.65,126.28,-56.59,0.00
02/22/2021,18:09,126.13,126.33,126.08,126.30,150836,118417,-6.48,0.00,0.00,126.80,125.70,126.25,-60.76,0.00
02/22/2021,18:10,126.32,126.34,126.11,126.15,100165,131840,-3.90,0.00,0.00,126.68,125.75,126.21,-40.77,0.00
02/22/2021,18:11,126.15,126.24,126.09,126.17,97278,87027,-10.08,0.00,0.00,126.61,125.77,126.19,-59.91,0.00
02/22/2021,18:12,126.16,126.22,126.07,126.09,101861,112891,-11.74,0.00,0.00,126.55,125.78,126.17,-78.98,0.00
02/22/2021,18:13,126.08,126.36,126.07,126.35,125293,91426,-16.15,0.00,0.00,126.52,125.80,126.16,-63.61,0.00
02/22/2021,18:14,126.36,126.45,126.28,126.45,131568,117706,-18.37,0.00,0.00,126.52,125.79,126.16,-42.20,0.00
02/22/2021,18:15,126.45,126.45,126.30,126.36,80708,103182,-18.75,0.00,0.00,126.53,125.79,126.16,-49.80,0.00
02/22/2021,18:16,126.37,126.41,126.17,126.41,87470,116176,-12.10,0.00,0.00,126.54,125.79,126.16,-42.95,0.00
02/22/2021,18:17,126.41,126.50,126.34,126.38,130150,114058,-8.24,0.00,0.00,126.57,125.80,126.18,-35.91,0.00
02/22/2021,18:18,126.38,126.62,126.28,126.56,138228,140284,0.83,0.00,0.00,126.59,125.86,126.22,27.71,0.00
02/22/2021,18:19,126.57,126.60,126.50,126.53,87015,119551,-11.36,0.00,0.00,126.59,125.93,126.26,13.92,0.00
02/22/2021,18:20,126.52,126.59,126.47,126.59,75028,72678,-18.07,0.00,0.00,126.62,125.96,126.29,-39.27,0.00
02/22/2021,18:21,126.58,126.74,126.55,126.72,128513,124395,-12.35,0.00,0.00,126.69,125.96,126.32,20.29,0.00
02/22/2021,18:22,126.71,126.77,126.68,126.77,100448,103177,-16.08,0.00,0.00,126.74,125.97,126.36,-9.44,0.00
02/22/2021,18:23,126.76,126.82,126.71,126.80,85256,106496,-27.22,0.00,0.00,126.81,125.97,126.39,-28.78,0.00
02/22/2021,18:24,126.79,126.82,126.64,126.66,84637,120447,-22.32,0.00,0.00,126.84,125.98,126.41,-11.60,0.00
02/22/2021,18:25,126.65,126.84,126.65,126.82,59897,53341,-15.59,0.00,0.00,126.90,125.99,126.44,-38.56,0.00
02/22/2021,18:26,126.82,126.92,126.80,126.88,88730,73657,-22.88,0.00,0.00,126.96,125.98,126.47,-24.38,0.00
02/22/2021,18:27,126.89,126.91,126.81,126.91,74689,71960,-25.03,0.00,0.00,127.02,125.98,126.50,-32.33,0.00
02/22/2021,18:28,126.92,126.95,126.84,126.90,99204,103262,-36.82,0.00,0.00,127.05,126.03,126.54,-18.78,0.00
02/22/2021,18:29,126.89,126.98,126.88,126.95,68490,79452,-33.49,0.00,0.00,127.10,126.05,126.57,-19.55,0.00
02/22/2021,18:30,126.96,126.97,126.85,126.86,60293,90343,-29.57,0.00,0.00,127.11,126.10,126.61,-26.03,0.00
02/22/2021,18:31,126.86,126.96,126.74,126.79,120984,115169,-21.19,0.00,0.00,127.11,126.17,126.64,-3.30,0.00
02/22/2021,18:32,126.79,126.83,126.75,126.76,58636,50406,-20.21,0.00,0.00,127.07,126.28,126.67,-60.85,0.00
02/22/2021,18:33,126.75,126.92,126.73,126.83,83562,97302,-8.49,0.00,0.00,127.07,126.33,126.70,-12.44,0.00
02/22/2021,18:34,126.83,126.85,126.70,126.70,42443,106301,-10.14,0.00,0.00,127.06,126.36,126.71,0.70,0.00
02/22/2021,18:35,126.70,126.72,126.63,126.67,71920,112650,-18.90,0.00,0.00,127.04,126.41,126.72,-27.02,0.00
02/22/2021,18:36,126.67,126.69,126.63,126.67,72078,86810,-23.18,0.00,0.00,127.02,126.45,126.74,-21.97,0.00
02/22/2021,18:37,126.67,126.84,126.66,126.81,71864,75078,-10.51,0.00,0.00,126.99,126.53,126.76,-23.37,0.00
02/22/2021,18:38,126.81,126.86,126.79,126.80,49776,58733,-14.17,0.00,0.00,126.98,126.56,126.77,-47.09,0.00
02/22/2021,18:39,126.80,126.95,126.78,126.92,73937,63631,-2.73,0.00,0.00,126.98,126.60,126.79,21.49,0.00
02/22/2021,18:40,126.92,126.92,126.80,126.83,44942,78388,-2.27,0.00,0.00,126.97,126.63,126.80,-24.05,0.00
02/22/2021,18:41,126.83,126.94,126.81,126.94,67962,48450,-12.76,0.00,0.00,126.99,126.64,126.81,-20.62,0.00
02/22/2021,18:42,126.95,127.09,126.95,127.08,166895,117594,-3.31,0.00,0.00,127.04,126.62,126.83,40.51,0.00
02/22/2021,18:43,127.08,127.18,127.01,127.14,123617,116759,-5.03,0.00,0.00,127.09,126.60,126.85,62.48,0.00
02/22/2021,18:44,127.15,127.18,127.09,127.11,58229,72587,-11.56,0.00,0.00,127.13,126.61,126.87,-13.16,0.00
02/22/2021,18:45,127.11,127.11,127.00,127.07,65072,73277,-7.49,0.00,0.00,127.15,126.61,126.88,-41.42,0.00
02/22/2021,18:46,127.07,127.20,127.02,127.20,69362,68854,11.06,0.00,0.00,127.20,126.59,126.90,26.75,0.00
02/22/2021,18:47,127.20,127.25,126.92,126.94,114906,190839,28.90,0.00,0.00,127.20,126.59,126.90,69.05,0.00
02/22/2021,18:48,126.94,127.14,126.93,127.09,72768,75629,46.87,0.00,0.00,127.22,126.59,126.91,-0.23,0.00
02/22/2021,18:49,127.10,127.16,127.06,127.07,62821,55831,25.95,0.00,0.00,127.24,126.59,126.91,-35.71,0.00
02/22/2021,18:50,127.07,127.08,126.92,127.04,82128,78523,27.20,0.00,0.00,127.25,126.60,126.92,1.11,0.00
02/22/2021,18:51,127.05,127.18,127.03,127.04,69120,65241,25.03,0.00,0.00,127.26,126.61,126.94,-8.56,0.00
02/22/2021,18:52,127.04,127.10,127.03,127.06,38448,47757,10.41,0.00,0.00,127.27,126.63,126.95,-20.55,0.00
02/22/2021,18:53,127.07,127.10,127.01,127.01,36300,54894,-2.48,0.00,0.00,127.27,126.64,126.96,-33.71,0.00
02/22/2021,18:54,127.01,127.07,126.98,127.04,65001,61724,-2.17,0.00,0.00,127.27,126.68,126.98,2.75,0.00
02/22/2021,18:55,127.03,127.09,126.95,126.97,28269,70811,2.52,0.00,0.00,127.25,126.73,126.99,-14.89,0.00
02/22/2021,18:56,126.98,127.09,126.97,126.97,39020,44686,-6.14,0.00,0.00,127.22,126.79,127.01,-70.58,0.00
02/22/2021,18:57,126.97,126.97,126.86,126.91,66023,92453,-27.39,0.00,0.00,127.21,126.81,127.01,-34.07,0.00
02/22/2021,18:58,126.90,126.96,126.89,126.93,43553,39324,-35.82,0.00,0.00,127.19,126.84,127.02,-36.65,0.00
02/22/2021,18:59,126.94,126.94,126.78,126.87,69279,73797,-25.18,0.00,0.00,127.20,126.83,127.02,3.42,0.00
02/22/2021,19:00,126.87,126.95,126.87,126.91,47869,52888,-29.61,0.00,0.00,127.19,126.85,127.02,-27.10,0.00
02/22/2021,19:01,126.90,126.90,126.78,126.81,54628,75934,-27.98,0.00,0.00,127.20,126.82,127.01,-57.30,0.00
02/22/2021,19:02,126.80,126.84,126.76,126.82,49698,55414,-24.25,0.00,0.00,127.20,126.80,127.00,-29.17,0.00
02/22/2021,19:03,126.83,126.89,126.82,126.86,51853,49937,-24.00,0.00,0.00,127.19,126.78,126.99,-14.21,0.00
02/22/2021,19:04,126.84,126.85,126.79,126.85,46359,51914,-25.21,0.00,0.00,127.18,126.77,126.97,-38.83,0.00
02/22/2021,19:05,126.85,126.85,126.76,126.81,49727,48163,-27.29,0.00,0.00,127.17,126.75,126.96,-27.14,0.00
02/22/2021,19:06,126.81,126.81,126.71,126.77,58707,67484,-25.46,0.00,0.00,127.13,126.74,126.94,46.38,0.00
02/22/2021,19:07,126.77,126.78,126.67,126.72,67718,64056,-21.36,0.00,0.00,127.14,126.71,126.93,44.50,0.00
02/22/2021,19:08,126.71,126.73,126.62,126.63,59480,78878,-12.61,0.00,0.00,127.14,126.67,126.90,9.18,0.00
02/22/2021,19:09,126.64,126.67,126.61,126.66,59849,50243,-24.46,0.00,0.00,127.13,126.64,126.88,11.11,0.00
02/22/2021,19:10,126.66,126.67,126.57,126.60,48859,68832,-18.19,0.00,0.00,127.13,126.60,126.86,40.60,0.00
02/22/2021,19:11,126.59,126.61,126.51,126.51,38849,78511,-17.90,0.00,0.00,127.13,126.54,126.84,-25.94,0.00
02/22/2021,19:12,126.50,126.61,126.50,126.60,71805,93819,-10.53,0.00,0.00,127.11,126.52,126.81,99.84,0.00
02/22/2021,19:13,126.60,126.69,126.58,126.65,78678,59412,-2.09,0.00,0.00,127.08,126.51,126.79,-3.48,0.00
02/22/2021,19:14,126.65,126.65,126.53,126.54,38521,41501,9.70,0.00,0.00,127.05,126.49,126.77,-20.58,0.00
02/22/2021,19:15,126.55,126.60,126.52,126.54,49684,72318,6.06,0.00,0.00,127.03,126.46,126.75,-6.56,0.00
02/22/2021,19:16,126.53,126.65,126.50,126.63,56861,47856,14.49,0.00,0.00,127.00,126.46,126.73,-0.38,0.00
02/22/2021,19:17,126.63,126.68,126.55,126.67,66437,47659,15.24,0.00,0.00,126.98,126.46,126.72,12.09,0.00
02/22/2021,19:18,126.67,126.67,126.50,126.53,31896,62486,23.12,0.00,0.00,126.95,126.45,126.70,-3.96,0.00
02/22/2021,19:19,126.53,126.62,126.50,126.61,72410,90226,32.18,0.00,0.00,126.93,126.44,126.69,66.14,0.00
02/22/2021,19:20,126.61,126.62,126.57,126.58,43474,41183,16.27,0.00,0.00,126.89,126.45,126.67,-32.91,0.00
02/22/2021,19:21,126.57,126.58,126.51,126.56,48274,36900,7.42,0.00,0.00,126.87,126.44,126.66,-35.36,0.00
02/22/2021,19:22,126.57,126.64,126.52,126.62,37639,33385,7.76,0.00,0.00,126.85,126.44,126.65,-48.67,0.00
02/22/2021,19:23,126.62,126.68,126.60,126.68,50698,47301,0.75,0.00,0.00,126.82,126.46,126.64,-10.98,0.00
02/22/2021,19:24,126.68,126.73,126.66,126.70,53649,58476,-8.18,0.00,0.00,126.79,126.48,126.63,-4.73,0.00
02/22/2021,19:25,126.70,126.70,126.60,126.64,44007,69312,-3.32,0.00,0.00,126.75,126.49,126.62,-3.44,0.00
02/22/2021,19:26,126.64,126.64,126.54,126.60,38450,46119,-10.86,0.00,0.00,126.73,126.50,126.61,-48.94,0.00
02/22/2021,19:27,126.61,126.66,126.58,126.62,32403,42505,-16.66,0.00,0.00,126.71,126.51,126.61,-45.75,0.00
02/22/2021,19:28,126.62,126.65,126.59,126.64,42692,35337,-28.74,0.00,0.00,126.71,126.51,126.61,-2.49,0.00
02/22/2021,19:29,126.65,126.76,126.65,126.72,89107,72106,-25.11,0.00,0.00,126.72,126.50,126.61,32.14,0.00
02/22/2021,19:30,126.71,126.75,126.57,126.72,86606,78007,-1.38,0.00,0.00,126.74,126.50,126.62,57.20,0.00
02/22/2021,19:31,126.72,126.75,126.68,126.73,32371,30132,-1.20,0.00,0.00,126.75,126.51,126.63,-45.22,0.00
02/22/2021,19:32,126.73,126.73,126.64,126.67,37534,37400,-6.13,0.00,0.00,126.75,126.51,126.63,-20.61,0.00
02/22/2021,19:33,126.68,126.70,126.64,126.70,43497,49548,-8.86,0.00,0.00,126.76,126.51,126.64,-42.79,0.00
02/22/2021,19:34,126.69,126.73,126.67,126.73,34626,42287,-9.58,0.00,0.00,126.77,126.52,126.64,-9.15,0.00
02/22/2021,19:35,126.74,126.84,126.70,126.80,96522,75705,-0.19,0.00,0.00,126.79,126.53,126.66,102.21,0.00
02/22/2021,19:36,126.79,126.95,126.75,126.91,103787,58008,18.63,0.00,0.00,126.84,126.50,126.67,127.80,0.00
02/22/2021,19:37,126.91,126.96,126.88,126.94,55574,45528,15.74,0.00,0.00,126.89,126.48,126.68,3.17,0.00
02/22/2021,19:38,126.95,127.07,126.91,127.02,144196,93237,34.54,0.00,0.00,126.95,126.47,126.71,111.76,0.00
02/22/2021,19:39,127.02,127.06,126.98,127.06,100732,90288,21.05,0.00,0.00,127.01,126.45,126.73,68.57,0.00
02/22/2021,19:40,127.06,127.09,127.01,127.04,47213,48592,-2.22,0.00,0.00,127.06,126.45,126.75,13.29,0.00
02/22/2021,19:41,127.03,127.09,127.02,127.09,41607,36303,-1.94,0.00,0.00,127.10,126.46,126.78,4.01,0.00
02/22/2021,19:42,127.09,127.14,127.01,127.02,44684,77279,5.73,0.00,0.00,127.13,126.47,126.80,56.30,0.00
02/22/2021,19:43,127.01,127.01,126.91,126.96,62086,83018,12.97,0.00,0.00,127.14,126.49,126.82,-9.99,0.00
02/22/2021,19:44,126.96,127.00,126.93,126.99,43659,40843,13.44,0.00,0.00,127.16,126.50,126.83,-48.67,0.00
02/22/2021,19:45,127.00,127.06,126.97,127.05,39900,45362,0.39,0.00,0.00,127.18,126.52,126.85,36.41,0.00
02/22/2021,19:46,127.05,127.10,127.04,127.09,30727,39011,-21.91,0.00,0.00,127.20,126.55,126.88,-6.93,0.00
02/22/2021,19:47,127.08,127.17,127.05,127.06,61728,52842,-12.27,0.00,0.00,127.21,126.58,126.90,23.13,0.00
02/22/2021,19:48,127.05,127.06,127.01,127.05,40773,51146,-26.21,0.00,0.00,127.22,126.62,126.92,19.51,0.00
02/22/2021,19:49,127.05,127.05,127.01,127.03,23600,23781,-29.33,0.00,0.00,127.22,126.64,126.93,-72.49,0.00
02/22/2021,19:50,127.03,127.04,126.95,126.95,31392,61115,-23.55,0.00,0.00,127.22,126.67,126.94,-42.82,0.00
02/22/2021,19:51,126.96,127.14,126.93,127.13,57523,33306,5.21,0.00,0.00,127.23,126.70,126.96,-10.16,0.00
02/22/2021,19:52,127.14,127.22,127.14,127.21,67344,57849,-4.66,0.00,0.00,127.24,126.74,126.99,-47.27,0.00
02/22/2021,19:53,127.20,127.23,127.15,127.21,48172,39686,-7.35,0.00,0.00,127.24,126.79,127.02,-54.01,0.00
02/22/2021,19:54,127.21,127.21,127.16,127.17,48134,53576,-10.12,0.00,0.00,127.23,126.84,127.04,6.16,0.00
02/22/2021,19:55,127.17,127.20,127.13,127.19,55447,40143,-12.18,0.00,0.00,127.23,126.89,127.06,22.69,0.00
02/22/2021,19:56,127.19,127.19,127.07,127.12,29058,50924,1.48,0.00,0.00,127.23,126.91,127.07,-34.42,0.00
02/22/2021,19:57,127.12,127.16,127.08,127.15,40564,32361,-6.50,0.00,0.00,127.23,126.93,127.08,-49.74,0.00
02/22/2021,19:58,127.15,127.23,127.15,127.20,71444,51269,0.45,0.00,0.00,127.25,126.93,127.09,45.22,0.00
02/22/2021,19:59,127.19,127.19,127.13,127.18,35086,69145,5.05,0.00,0.00,127.26,126.93,127.09,22.25,0.00
02/22/2021,20:00,127.17,127.26,127.16,127.26,96640,42423,6.28,0.00,0.00,127.28,126.93,127.11,99.41,0.00
02/22/2021,20:01,127.25,127.30,127.21,127.24,41522,53476,-16.99,0.00,0.00,127.30,126.93,127.11,-17.08,0.00
02/22/2021,20:02,127.24,127.28,127.17,127.19,33371,31714,-9.04,0.00,0.00,127.30,126.94,127.12,-29.19,0.00
02/22/2021,20:03,127.19,127.20,127.10,127.11,40180,42748,-3.89,0.00,0.00,127.30,126.96,127.13,75.02,0.00
02/22/2021,20:04,127.11,127.13,127.06,127.06,47377,56341,0.66,0.00,0.00,127.29,126.97,127.13,12.12,0.00
02/22/2021,20:05,127.05,127.13,127.04,127.08,47471,57346,4.86,0.00,0.00,127.29,126.98,127.13,15.40,0.00
02/22/2021,20:06,127.09,127.13,127.04,127.11,53127,32784,-2.30,0.00,0.00,127.29,126.98,127.14,-31.38,0.00
02/22/2021,20:07,127.10,127.10,127.05,127.08,33912,24791,-8.06,0.00,0.00,127.29,126.98,127.14,-33.18,0.00
02/22/2021,20:08,127.07,127.09,127.06,127.06,24386,24795,-17.12,0.00,0.00,127.29,126.98,127.14,-51.65,0.00
02/22/2021,20:09,127.07,127.14,127.06,127.12,53501,41134,-10.44,0.00,0.00,127.29,127.00,127.14,-1.00,0.00
02/22/2021,20:10,127.12,127.13,127.00,127.05,46615,87541,-1.85,0.00,0.00,127.27,127.02,127.15,67.73,0.00
02/22/2021,20:11,127.05,127.11,126.96,126.96,35785,87736,11.13,0.00,0.00,127.28,126.99,127.14,69.38,0.00
02/22/2021,20:12,126.97,126.99,126.94,126.96,44557,43292,-3.35,0.00,0.00,127.29,126.96,127.13,-28.41,0.00
02/22/2021,20:13,126.96,127.04,126.95,127.01,54145,31365,-4.66,0.00,0.00,127.28,126.95,127.11,-17.96,0.00
02/22/2021,20:14,127.02,127.04,127.00,127.03,35874,38847,-10.17,0.00,0.00,127.27,126.94,127.11,-46.27,0.00
02/22/2021,20:15,127.03,127.16,127.03,127.08,55264,54818,-0.08,0.00,0.00,127.27,126.94,127.10,15.88,0.00
02/22/2021,20:16,127.08,127.15,127.05,127.15,34619,17581,1.98,0.00,0.00,127.27,126.94,127.10,-19.80,0.00
02/22/2021,20:17,127.14,127.20,127.14,127.14,59177,55877,3.98,0.00,0.00,127.27,126.94,127.10,38.74,0.00
02/22/2021,20:18,127.13,127.14,127.07,127.09,33294,45316,13.73,0.00,0.00,127.26,126.94,127.10,-24.21,0.00
02/22/2021,20:19,127.09,127.13,127.05,127.10,34610,37051,11.02,0.00,0.00,127.25,126.94,127.09,-31.63,0.00
02/22/2021,20:20,127.11,127.15,127.08,127.08,49608,26799,-5.07,0.00,0.00,127.22,126.95,127.08,-11.06,0.00
02/22/2021,20:21,127.08,127.15,127.08,127.15,41334,26263,-18.78,0.00,0.00,127.20,126.96,127.08,15.15,0.00
02/22/2021,20:22,127.15,127.20,127.14,127.19,36576,28067,-14.76,0.00,0.00,127.20,126.96,127.08,31.44,0.00
02/22/2021,20:23,127.19,127.32,127.19,127.32,108378,55370,-3.76,0.00,0.00,127.25,126.94,127.09,73.03,0.00
02/22/2021,20:24,127.32,127.32,127.26,127.31,38651,53570,1.17,0.00,0.00,127.29,126.92,127.10,-31.26,0.00
02/22/2021,20:25,127.31,127.32,127.28,127.28,40610,45952,-17.62,0.00,0.00,127.31,126.92,127.11,-29.92,0.00
02/22/2021,20:26,127.28,127.31,127.27,127.31,30632,29881,-26.13,0.00,0.00,127.34,126.91,127.12,-31.12,0.00
02/22/2021,20:27,127.31,127.31,127.20,127.22,39208,46266,-12.09,0.00,0.00,127.35,126.91,127.13,-0.04,0.00
02/22/2021,20:28,127.21,127.23,127.10,127.11,36003,55393,3.04,0.00,0.00,127.35,126.92,127.13,22.32,0.00
02/22/2021,20:29,127.12,127.20,127.11,127.19,33894,19922,4.72,0.00,0.00,127.35,126.92,127.14,-51.11,0.00
02/22/2021,20:30,127.19,127.28,127.18,127.26,49731,34338,10.80,0.00,0.00,127.37,126.93,127.15,61.05,0.00
02/22/2021,20:31,127.25,127.37,127.24,127.37,50059,48164,23.03,0.00,0.00,127.39,126.95,127.17,-14.63,0.00
02/22/2021,20:32,127.37,127.41,127.33,127.33,81228,69326,24.54,0.00,0.00,127.40,126.97,127.19,91.52,0.00
02/22/2021,20:33,127.34,127.42,127.33,127.41,58017,38043,9.11,0.00,0.00,127.42,126.99,127.21,34.05,0.00
02/22/2021,20:34,127.42,127.44,127.38,127.41,49618,71165,7.87,0.00,0.00,127.44,127.01,127.22,58.08,0.00
02/22/2021,20:35,127.40,127.41,127.33,127.38,29581,41599,17.06,0.00,0.00,127.46,127.02,127.24,5.30,0.00
02/22/2021,20:36,127.36,127.55,127.35,127.55,149251,129586,58.66,0.00,0.00,127.51,127.01,127.26,331.35,0.00
02/22/2021,20:37,127.54,127.63,127.54,127.61,81913,90075,38.11,0.00,0.00,127.57,127.00,127.28,5.03,0.00
02/22/2021,20:38,127.59,127.60,127.54,127.57,54686,55298,12.48,0.00,0.00,127.61,127.01,127.31,19.26,0.00
02/22/2021,20:39,127.58,127.58,127.49,127.52,37590,59124,10.10,0.00,0.00,127.63,127.03,127.33,11.73,0.00
02/22/2021,20:40,127.53,127.57,127.52,127.57,41300,52374,-2.27,0.00,0.00,127.64,127.06,127.35,54.80,0.00
02/22/2021,20:41,127.57,127.57,127.52,127.52,39554,46263,-16.87,0.00,0.00,127.66,127.09,127.37,0.40,0.00
02/22/2021,20:42,127.53,127.56,127.49,127.56,44652,46670,-16.19,0.00,0.00,127.67,127.11,127.39,-0.08,0.00
02/22/2021,20:43,127.55,127.56,127.49,127.55,52779,38207,-17.26,0.00,0.00,127.69,127.11,127.40,69.07,0.00
02/22/2021,20:44,127.55,127.56,127.51,127.53,52432,60599,-17.18,0.00,0.00,127.70,127.12,127.41,34.45,0.00
02/22/2021,20:45,127.53,127.62,127.52,127.62,72744,34472,-10.00,0.00,0.00,127.73,127.13,127.43,9.16,0.00
02/22/2021,20:46,127.61,127.62,127.56,127.57,38265,62551,-30.54,0.00,0.00,127.74,127.14,127.44,-33.04,0.00
02/22/2021,20:47,127.57,127.60,127.54,127.57,36080,29100,-30.98,0.00,0.00,127.75,127.17,127.46,-32.15,0.00
02/22/2021,20:48,127.57,127.60,127.53,127.56,34441,35028,-25.53,0.00,0.00,127.72,127.24,127.48,-42.48,0.00
02/22/2021,20:49,127.55,127.59,127.52,127.59,38890,58833,-24.96,0.00,0.00,127.70,127.30,127.50,37.29,0.00
02/22/2021,20:50,127.59,127.60,127.54,127.56,21301,32446,-20.23,0.00,0.00,127.69,127.35,127.52,-80.72,0.00
02/22/2021,20:51,127.56,127.63,127.55,127.62,58230,29155,-11.08,0.00,0.00,127.69,127.37,127.53,-49.19,0.00
02/22/2021,20:52,127.61,127.71,127.61,127.65,100250,77344,-2.27,0.00,0.00,127.69,127.41,127.55,61.47,0.00
02/22/2021,20:53,127.65,127.85,127.64,127.85,118373,80025,31.37,0.00,0.00,127.75,127.39,127.57,105.14,0.00
02/22/2021,20:54,127.84,127.87,127.77,127.79,41460,63777,40.07,0.00,0.00,127.78,127.40,127.59,12.34,0.00
02/22/2021,20:55,127.79,127.83,127.78,127.82,51198,53208,18.76,0.00,0.00,127.80,127.42,127.61,21.66,0.00
02/22/2021,20:56,127.82,127.96,127.81,127.94,105906,60740,38.17,0.00,0.00,127.86,127.39,127.63,82.48,0.00
02/22/2021,20:57,127.94,127.95,127.86,127.87,80809,61166,39.98,0.00,0.00,127.90,127.38,127.64,56.04,0.00
02/22/2021,20:58,127.88,127.90,127.75,127.76,71739,108327,53.29,0.00,0.00,127.91,127.39,127.65,59.31,0.00
02/22/2021,20:59,127.76,127.82,127.69,127.73,106581,91692,59.11,0.00,0.00,127.92,127.41,127.66,84.93,0.00
02/22/2021,21:00,127.73,127.81,127.72,127.76,46372,49491,57.67,0.00,0.00,127.93,127.42,127.67,-4.91,0.00
02/22/2021,21:01,127.77,127.81,127.74,127.77,37493,31345,43.27,0.00,0.00,127.93,127.43,127.68,5.61,0.00
02/22/2021,21:02,127.78,127.81,127.75,127.78,37950,24544,23.40,0.00,0.00,127.94,127.45,127.69,-10.04,0.00
02/22/2021,21:03,127.77,127.77,127.65,127.68,58885,82586,-1.77,0.00,0.00,127.94,127.46,127.70,44.77,0.00
02/22/2021,21:04,127.68,127.73,127.66,127.69,30656,41961,-6.88,0.00,0.00,127.93,127.49,127.71,35.11,0.00
02/22/2021,21:05,127.68,127.70,127.60,127.63,67901,46915,3.77,0.00,0.00,127.93,127.49,127.71,31.39,0.00
02/22/2021,21:06,127.64,127.65,127.61,127.64,58183,45872,-16.86,0.00,0.00,127.93,127.50,127.71,-41.41,0.00
02/22/2021,21:07,127.63,127.75,127.63,127.73,70915,61019,-8.63,0.00,0.00,127.93,127.51,127.72,-33.50,0.00
02/22/2021,21:08,127.74,127.76,127.71,127.74,59556,44937,-23.16,0.00,0.00,127.92,127.54,127.73,-0.71,0.00
02/22/2021,21:09,127.74,127.74,127.58,127.60,45488,59209,-13.47,0.00,0.00,127.92,127.54,127.73,0.28,0.00
02/22/2021,21:10,127.60,127.70,127.60,127.68,74392,50391,-9.76,0.00,0.00,127.91,127.56,127.74,-25.12,0.00
02/22/2021,21:11,127.68,127.68,127.55,127.63,66817,91143,2.20,0.00,0.00,127.91,127.56,127.74,11.26,0.00
02/22/2021,21:12,127.63,127.69,127.52,127.57,71044,80883,23.21,0.00,0.00,127.92,127.55,127.73,-15.63,0.00
02/22/2021,21:13,127.56,127.69,127.56,127.60,56941,67346,19.93,0.00,0.00,127.91,127.53,127.72,-37.32,0.00
02/22/2021,21:14,127.60,127.60,127.52,127.55,45804,39756,19.16,0.00,0.00,127.91,127.51,127.71,-10.75,0.00
02/22/2021,21:15,127.55,127.60,127.49,127.52,51950,53804,17.40,0.00,0.00,127.90,127.49,127.69,53.63,0.00
02/22/2021,21:16,127.52,127.63,127.51,127.60,54894,42533,33.07,0.00,0.00,127.85,127.50,127.68,55.90,0.00
02/22/2021,21:17,127.59,127.60,127.57,127.58,31671,23165,7.20,0.00,0.00,127.82,127.50,127.66,-61.24,0.00
02/22/2021,21:18,127.58,127.65,127.56,127.64,38324,38156,15.11,0.00,0.00,127.81,127.51,127.66,5.32,0.00
02/22/2021,21:19,127.64,127.78,127.64,127.73,70599,55277,6.88,0.00,0.00,127.81,127.51,127.66,9.63,0.00
02/22/2021,21:20,127.73,127.76,127.67,127.69,47617,29044,3.75,0.00,0.00,127.80,127.51,127.65,-26.33,0.00
02/22/2021,21:21,127.69,127.72,127.65,127.69,24202,28941,-7.61,0.00,0.00,127.78,127.51,127.65,-59.72,0.00
02/22/2021,21:22,127.69,127.71,127.68,127.69,31435,24477,-27.55,0.00,0.00,127.77,127.52,127.64,-46.49,0.00
02/22/2021,21:23,127.70,127.71,127.67,127.70,16244,21242,-35.87,0.00,0.00,127.77,127.52,127.64,-64.20,0.00
02/22/2021,21:24,127.70,127.73,127.69,127.71,22753,21049,-37.72,0.00,0.00,127.77,127.52,127.65,-64.90,0.00
02/22/2021,21:25,127.71,127.74,127.70,127.73,23586,29967,-42.38,0.00,0.00,127.78,127.52,127.65,-66.10,0.00
02/22/2021,21:26,127.73,127.76,127.70,127.76,37149,23788,-43.85,0.00,0.00,127.80,127.52,127.66,-59.89,0.00
02/22/2021,21:27,127.75,127.82,127.74,127.78,73820,52913,-32.10,0.00,0.00,127.81,127.51,127.66,1.97,0.00
02/22/2021,21:28,127.79,127.79,127.69,127.70,26642,54405,-24.76,0.00,0.00,127.80,127.52,127.66,-5.27,0.00
02/22/2021,21:29,127.70,127.73,127.69,127.72,25168,36643,-36.16,0.00,0.00,127.81,127.52,127.66,-41.55,0.00
02/22/2021,21:30,127.73,127.76,127.66,127.67,51756,40102,-28.55,0.00,0.00,127.81,127.52,127.66,-5.72,0.00
02/22/2021,21:31,127.66,127.68,127.61,127.67,110410,63698,-24.76,0.00,0.00,127.81,127.52,127.67,217.51,0.00
02/22/2021,21:32,127.66,127.71,127.65,127.68,86829,40281,-16.65,0.00,0.00,127.80,127.54,127.67,66.20,0.00
02/22/2021,21:33,127.68,127.68,127.64,127.64,21505,29091,-15.06,0.00,0.00,127.80,127.54,127.67,-59.80,0.00
02/22/2021,21:34,127.65,127.69,127.59,127.69,37875,41904,2.24,0.00,0.00,127.80,127.56,127.68,4.07,0.00
02/22/2021,21:35,127.69,127.70,127.59,127.64,46702,43228,21.85,0.00,0.00,127.78,127.59,127.69,69.22,0.00
02/22/2021,21:36,127.63,127.66,127.58,127.64,30148,48726,23.83,0.00,0.00,127.78,127.60,127.69,41.07,0.00
02/22/2021,21:37,127.65,127.65,127.56,127.58,27061,47768,21.35,0.00,0.00,127.78,127.60,127.69,99.62,0.00
02/22/2021,21:38,127.58,127.60,127.56,127.57,90088,36137,0.94,0.00,0.00,127.79,127.58,127.68,188.17,0.00
02/22/2021,21:39,127.58,127.59,127.51,127.57,33786,72431,11.76,0.00,0.00,127.79,127.57,127.68,98.34,0.00
02/22/2021,21:40,127.56,127.59,127.52,127.53,23380,37982,1.31,0.00,0.00,127.80,127.54,127.67,0.70,0.00
02/22/2021,21:41,127.52,127.53,127.47,127.51,82691,73940,-1.44,0.00,0.00,127.80,127.51,127.66,23.59,0.00
02/22/2021,21:42,127.51,127.59,127.48,127.54,64933,53425,11.78,0.00,0.00,127.80,127.50,127.65,46.04,0.00
02/22/2021,21:43,127.54,127.54,127.50,127.52,23962,27695,10.45,0.00,0.00,127.80,127.48,127.64,-16.43,0.00
02/22/2021,21:44,127.52,127.53,127.46,127.47,45501,48476,0.09,0.00,0.00,127.80,127.46,127.63,2.31,0.00
02/22/2021,21:45,127.48,127.48,127.41,127.43,39948,56627,-9.25,0.00,0.00,127.80,127.43,127.62,-44.53,0.00
02/22/2021,21:46,127.43,127.52,127.43,127.50,71912,53022,-5.22,0.00,0.00,127.79,127.42,127.60,-1.71,0.00
02/22/2021,21:47,127.50,127.50,127.38,127.44,49018,49336,2.62,0.00,0.00,127.76,127.41,127.59,94.39,0.00
02/22/2021,21:48,127.45,127.45,127.37,127.40,47962,46822,12.30,0.00,0.00,127.76,127.38,127.57,18.81,0.00
02/22/2021,21:49,127.40,127.43,127.37,127.41,35862,60215,5.01,0.00,0.00,127.74,127.37,127.56,6.84,0.00
02/22/2021,21:50,127.41,127.43,127.35,127.36,18832,44660,6.61,0.00,0.00,127.74,127.34,127.54,-19.50,0.00
02/22/2021,21:51,127.35,127.51,127.35,127.51,91567,58091,31.16,0.00,0.00,127.72,127.35,127.53,100.00,0.00
02/22/2021,21:52,127.50,127.55,127.49,127.55,46384,41173,11.56,0.00,0.00,127.70,127.35,127.53,-30.63,0.00
02/22/2021,21:53,127.54,127.55,127.44,127.45,23801,73039,28.25,0.00,0.00,127.68,127.35,127.52,-8.83,0.00
02/22/2021,21:54,127.44,127.44,127.40,127.41,21055,26925,15.50,0.00,0.00,127.66,127.35,127.50,-21.81,0.00
02/22/2021,21:55,127.40,127.41,127.31,127.32,43664,56887,20.42,0.00,0.00,127.65,127.33,127.49,-35.80,0.00
02/22/2021,21:56,127.33,127.38,127.31,127.34,46203,39216,11.03,0.00,0.00,127.63,127.32,127.47,-27.83,0.00
02/22/2021,21:57,127.34,127.38,127.31,127.31,42488,61934,-2.88,0.00,0.00,127.62,127.30,127.46,102.14,0.00
02/22/2021,21:58,127.31,127.31,127.26,127.27,37408,53138,-9.01,0.00,0.00,127.61,127.27,127.44,-3.65,0.00
02/22/2021,21:59,127.27,127.30,127.25,127.29,54937,58637,-10.08,0.00,0.00,127.60,127.25,127.43,17.60,0.00
02/22/2021,22:00,127.28,127.29,127.19,127.29,69550,82193,-3.58,0.00,0.00,127.59,127.24,127.42,21.46,0.00
02/22/2021,22:01,127.29,127.30,127.18,127.19,47722,47369,-10.26,0.00,0.00,127.60,127.20,127.40,-3.32,0.00
02/22/2021,22:02,127.20,127.20,127.10,127.12,81615,93124,-0.64,0.00,0.00,127.60,127.16,127.38,84.35,0.00
02/22/2021,22:03,127.12,127.12,127.04,127.10,63402,74789,-6.47,0.00,0.00,127.60,127.12,127.36,43.83,0.00
02/22/2021,22:04,127.10,127.11,127.00,127.05,77548,110740,9.62,0.00,0.00,127.61,127.07,127.34,196.55,0.00
02/22/2021,22:05,127.04,127.05,126.99,127.03,66275,129838,-0.96,0.00,0.00,127.61,127.02,127.32,31.04,0.00
02/22/2021,22:06,127.04,127.07,127.00,127.03,82843,55227,-0.81,0.00,0.00,127.60,126.98,127.29,57.69,0.00
02/22/2021,22:07,127.03,127.04,126.96,127.00,63041,76669,1.58,0.00,0.00,127.60,126.94,127.27,44.27,0.00
02/22/2021,22:08,126.99,127.01,126.96,126.99,47980,51540,1.39,0.00,0.00,127.59,126.91,127.25,107.42,0.00
02/22/2021,22:09,126.98,126.99,126.93,126.93,55808,60778,3.80,0.00,0.00,127.59,126.86,127.23,15.95,0.00
02/22/2021,22:10,126.93,127.01,126.92,126.97,75601,53357,0.48,0.00,0.00,127.58,126.83,127.21,50.97,0.00
02/22/2021,22:11,126.97,127.01,126.95,126.98,41539,44520,-12.67,0.00,0.00,127.54,126.82,127.18,-17.59,0.00
02/22/2021,22:12,126.99,126.99,126.85,126.88,82591,97850,-1.62,0.00,0.00,127.49,126.81,127.15,99.28,0.00
02/22/2021,22:13,126.87,126.89,126.80,126.85,80496,73587,0.78,0.00,0.00,127.45,126.78,127.12,35.67,0.00
02/22/2021,22:14,126.84,126.87,126.81,126.82,78362,58912,-9.50,0.00,0.00,127.42,126.76,127.09,-9.54,0.00
02/22/2021,22:15,126.83,126.87,126.70,126.81,111155,128566,15.40,0.00,0.00,127.39,126.73,127.06,152.10,0.00
02/22/2021,22:16,126.81,126.91,126.79,126.91,106220,85776,24.11,0.00,0.00,127.35,126.73,127.04,9.88,0.00
02/22/2021,22:17,126.92,127.00,126.91,126.93,114745,74718,22.04,0.00,0.00,127.31,126.73,127.02,37.10,0.00
02/22/2021,22:18,126.93,126.93,126.83,126.83,41815,60357,31.39,0.00,0.00,127.28,126.72,127.00,-45.74,0.00
02/22/2021,22:19,126.84,126.86,126.79,126.83,51273,52914,29.19,0.00,0.00,127.23,126.72,126.98,-46.87,0.00
02/22/2021,22:20,126.83,126.84,126.77,126.80,78389,96430,18.12,0.00,0.00,127.17,126.73,126.95,26.62,0.00
02/22/2021,22:21,126.81,126.82,126.74,126.77,111977,107685,20.39,0.00,0.00,127.14,126.73,126.93,57.23,0.00
02/22/2021,22:22,126.78,126.85,126.77,126.79,56711,71171,1.51,0.00,0.00,127.11,126.72,126.92,28.50,0.00
02/22/2021,22:23,126.79,126.79,126.70,126.71,95086,81251,1.22,0.00,0.00,127.09,126.70,126.90,51.25,0.00
02/22/2021,22:24,126.71,126.74,126.65,126.68,79101,88999,7.76,0.00,0.00,127.08,126.67,126.88,30.35,0.00
02/22/2021,22:25,126.69,126.69,126.52,126.55,89974,133247,5.30,0.00,0.00,127.09,126.62,126.85,159.38,0.00
02/22/2021,22:26,126.55,126.64,126.52,126.54,160431,169265,4.16,0.00,0.00,127.09,126.57,126.83,82.72,0.00
02/22/2021,22:27,126.54,126.60,126.50,126.52,60988,143157,5.31,0.00,0.00,127.08,126.53,126.80,32.49,0.00
02/22/2021,22:28,126.52,126.59,126.51,126.53,115733,81022,0.68,0.00,0.00,127.07,126.49,126.78,43.33,0.00
02/22/2021,22:29,126.52,126.58,126.47,126.55,142179,195060,8.31,0.00,0.00,127.06,126.47,126.76,40.68,0.00
02/22/2021,22:30,126.55,126.59,126.46,126.49,69528,92505,19.28,0.00,0.00,127.04,126.44,126.74,-15.61,0.00
02/22/2021,22:31,126.48,126.70,126.44,126.69,135501,89876,53.28,0.00,0.00,127.01,126.44,126.72,18.96,0.00
02/22/2021,22:32,126.69,126.75,126.65,126.69,140436,131115,48.53,0.00,0.00,126.99,126.44,126.71,165.78,0.00
02/22/2021,22:33,126.68,126.70,126.56,126.60,96275,118094,49.85,0.00,0.00,126.97,126.43,126.70,105.75,0.00
02/22/2021,22:34,126.59,126.62,126.55,126.60,91769,122977,36.40,0.00,0.00,126.96,126.42,126.69,22.84,0.00
02/22/2021,22:35,126.61,126.62,126.50,126.54,91688,120059,16.58,0.00,0.00,126.95,126.41,126.68,-3.60,0.00
02/22/2021,22:36,126.54,126.54,126.39,126.40,94372,120396,18.32,0.00,0.00,126.93,126.38,126.65,67.94,0.00
02/22/2021,22:37,126.40,126.40,126.31,126.35,122024,99479,13.40,0.00,0.00,126.90,126.35,126.62,25.61,0.00
02/22/2021,22:38,126.35,126.55,126.31,126.54,280824,171540,40.48,0.00,0.00,126.87,126.35,126.61,169.10,0.00
02/22/2021,22:39,126.53,126.56,126.38,126.44,120876,135096,45.02,0.00,0.00,126.84,126.34,126.59,14.67,0.00
02/22/2021,22:40,126.45,126.48,126.30,126.31,106441,98264,43.57,0.00,0.00,126.82,126.31,126.56,-37.91,0.00
02/22/2021,22:41,126.31,126.35,126.23,126.24,123728,165456,9.44,0.00,0.00,126.81,126.26,126.54,41.66,0.00
02/22/2021,22:42,126.24,126.39,126.23,126.25,128077,136245,16.59,0.00,0.00,126.79,126.24,126.51,34.34,0.00
02/22/2021,22:43,126.26,126.44,126.14,126.35,205105,204888,35.62,0.00,0.00,126.76,126.22,126.49,21.57,0.00
02/22/2021,22:44,126.36,126.47,126.36,126.43,131534,86072,37.91,0.00,0.00,126.74,126.23,126.48,34.30,0.00
02/22/2021,22:45,126.42,126.42,126.21,126.30,124405,113486,44.67,0.00,0.00,126.73,126.20,126.47,5.55,0.00
02/22/2021,22:46,126.30,126.50,126.30,126.39,139372,126482,42.20,0.00,0.00,126.73,126.20,126.46,-2.10,0.00
02/22/2021,22:47,126.39,126.45,126.33,126.41,120169,104111,40.98,0.00,0.00,126.72,126.19,126.46,4.62,0.00
02/22/2021,22:48,126.41,126.51,126.39,126.41,129824,98799,12.79,0.00,0.00,126.71,126.19,126.45,6.46,0.00
02/22/2021,22:49,126.40,126.45,126.34,126.43,127417,85782,1.36,0.00,0.00,126.70,126.18,126.44,0.69,0.00
02/22/2021,22:50,126.44,126.55,126.44,126.44,142265,140161,-7.21,0.00,0.00,126.70,126.18,126.44,31.50,0.00
02/22/2021,22:51,126.45,126.45,126.23,126.28,289369,310228,6.17,0.00,0.00,126.66,126.18,126.42,170.69,0.00
02/22/2021,22:52,126.27,126.40,126.24,126.27,154283,165165,4.98,0.00,0.00,126.61,126.19,126.40,-29.38,0.00
02/22/2021,22:53,126.28,126.30,126.18,126.27,166470,149184,-15.03,0.00,0.00,126.58,126.18,126.38,23.32,0.00
02/22/2021,22:54,126.28,126.45,126.24,126.44,221569,138394,-2.18,0.00,0.00,126.55,126.20,126.37,75.84,0.00
02/22/2021,22:55,126.43,126.45,126.10,126.14,240413,312121,13.00,0.00,0.00,126.54,126.17,126.35,91.07,0.00
02/22/2021,22:56,126.15,126.42,126.12,126.36,436624,247947,20.56,0.00,0.00,126.54,126.17,126.35,158.99,0.00
02/22/2021,22:57,126.37,126.38,126.11,126.20,299428,295202,34.16,0.00,0.00,126.54,126.15,126.35,45.03,0.00
02/22/2021,22:58,126.19,126.35,126.13,126.22,366166,302666,40.92,0.00,0.00,126.51,126.15,126.33,207.36,0.00
02/22/2021,22:59,126.22,126.33,126.02,126.11,406469,496462,59.71,0.00,0.00,126.51,126.12,126.31,279.56,0.00
02/22/2021,23:00,126.11,126.18,126.00,126.00,624378,1061208,60.26,0.00,0.00,126.54,126.06,126.30,534.03,0.00
