"Date","Time","Open","High","Low","Close","Up","Down","CV","ZeroLine","Zero Cross","UpperBand","LowerBand","MidLine","VolROC","ZeroLine"
02/22/2021,16:32,237.70,237.93,237.40,237.43,32543,51073,0.00,0.00,0.00,0.00,0.00,0.00,0.00,0.00
02/22/2021,16:33,237.45,237.50,237.29,237.49,45515,38735,0.00,0.00,0.00,0.00,0.00,0.00,0.00,0.00
02/22/2021,16:34,237.48,237.65,237.11,237.27,64923,68772,0.00,0.00,0.00,0.00,0.00,0.00,0.00,0.00
02/22/2021,16:35,237.25,237.25,236.75,236.77,51069,68399,0.00,0.00,0.00,0.00,0.00,0.00,0.00,0.00
02/22/2021,16:36,236.80,236.94,236.52,236.52,60276,55539,0.00,0.00,0.00,0.00,0.00,0.00,0.00,0.00
02/22/2021,16:37,236.52,236.98,236.24,236.94,61833,69945,0.00,0.00,0.00,0.00,0.00,0.00,0.00,0.00
02/22/2021,16:38,236.94,237.33,236.89,237.02,38763,61110,0.00,0.00,0.00,0.00,0.00,0.00,0.00,0.00
02/22/2021,16:39,237.02,237.09,236.86,237.07,34878,25998,0.00,0.00,0.00,0.00,0.00,0.00,0.00,0.00
02/22/2021,16:40,237.09,237.28,236.73,236.80,50165,76659,0.00,0.00,0.00,0.00,0.00,0.00,0.00,0.00
02/22/2021,16:41,236.81,237.05,236.56,236.92,78112,73664,0.00,0.00,0.00,0.00,0.00,0.00,0.00,0.00
02/22/2021,16:42,236.89,236.98,236.70,236.70,41023,56022,0.00,0.00,0.00,0.00,0.00,0.00,0.00,0.00
02/22/2021,16:43,236.70,237.00,236.61,236.96,35312,26321,0.00,0.00,0.00,0.00,0.00,0.00,0.00,0.00
02/22/2021,16:44,236.98,237.50,236.98,237.36,42040,34652,0.00,0.00,0.00,0.00,0.00,0.00,0.00,0.00
02/22/2021,16:45,237.37,237.53,237.31,237.42,22670,28177,0.00,0.00,0.00,0.00,0.00,0.00,0.00,0.00
02/22/2021,16:46,237.44,237.60,237.29,237.34,30791,26988,0.00,0.00,0.00,0.00,0.00,0.00,-30.90,0.00
02/22/2021,16:47,237.33,237.42,237.16,237.38,24642,38439,0.00,0.00,0.00,0.00,0.00,0.00,-25.13,0.00
02/22/2021,16:48,237.38,237.65,237.38,237.51,37907,36229,0.00,0.00,0.00,0.00,0.00,0.00,-44.55,0.00
02/22/2021,16:49,237.50,237.54,237.37,237.42,13019,13005,0.00,0.00,0.00,0.00,0.00,0.00,-78.22,0.00
02/22/2021,16:50,237.45,237.48,237.26,237.29,26991,32011,0.00,0.00,0.00,0.00,0.00,0.00,-49.05,0.00
02/22/2021,16:51,237.30,237.37,237.13,237.19,24326,23237,0.00,0.00,0.00,237.72,236.56,237.14,-63.91,0.00
02/22/2021,16:52,237.20,237.47,237.17,237.25,34766,26751,-4.18,0.00,0.00,237.69,236.57,237.13,-38.40,0.00
02/22/2021,16:53,237.25,237.49,237.21,237.27,24228,14578,-9.86,0.00,0.00,237.66,236.58,237.12,-36.25,0.00
02/22/2021,16:54,237.25,237.39,237.25,237.29,11105,9674,-27.44,0.00,0.00,237.66,236.58,237.12,-83.62,0.00
02/22/2021,16:55,237.29,237.32,237.15,237.28,20757,25012,-26.85,0.00,0.00,237.67,236.62,237.15,-69.84,0.00
02/22/2021,16:56,237.31,237.40,237.05,237.06,26788,37747,-19.77,0.00,0.00,237.61,236.73,237.17,-33.50,0.00
02/22/2021,16:57,237.05,237.10,236.94,237.00,23276,30709,-22.66,0.00,0.00,237.61,236.74,237.18,-12.41,0.00
02/22/2021,16:58,237.00,237.04,236.71,236.81,36048,44750,-15.31,0.00,0.00,237.62,236.71,237.17,5.35,0.00
02/22/2021,16:59,236.81,236.85,236.67,236.76,23726,27503,-12.94,0.00,0.00,237.64,236.66,237.15,0.75,0.00
02/22/2021,17:00,236.74,236.74,236.36,236.44,33871,45946,-0.05,0.00,0.00,237.69,236.57,237.13,38.14,0.00
02/22/2021,17:01,236.42,236.46,236.28,236.34,43700,43381,-4.22,0.00,0.00,237.76,236.45,237.10,38.05,0.00
02/22/2021,17:02,236.35,236.41,236.06,236.21,81119,87036,0.03,0.00,0.00,237.82,236.33,237.08,126.82,0.00
02/22/2021,17:03,236.21,236.55,236.04,236.48,61759,32871,15.49,0.00,0.00,237.84,236.27,237.05,263.63,0.00
02/22/2021,17:04,236.46,236.49,236.19,236.24,44051,37928,25.68,0.00,0.00,237.85,236.15,237.00,38.94,0.00
02/22/2021,17:05,236.23,236.26,236.01,236.22,49925,45596,28.52,0.00,0.00,237.83,236.05,236.94,100.83,0.00
02/22/2021,17:06,236.22,236.23,235.88,236.10,68175,93093,21.38,0.00,0.00,237.82,235.94,236.88,162.15,0.00
02/22/2021,17:07,236.09,236.32,236.02,236.21,31727,30111,29.49,0.00,0.00,237.77,235.86,236.82,59.35,0.00
02/22/2021,17:08,236.18,236.19,235.96,236.06,37214,55895,15.36,0.00,0.00,237.70,235.79,236.75,348.09,0.00
02/22/2021,17:09,236.06,236.08,235.83,236.03,50952,58639,18.56,0.00,0.00,237.63,235.73,236.68,139.44,0.00
02/22/2021,17:10,236.03,236.19,235.83,235.90,44142,36537,12.37,0.00,0.00,237.57,235.64,236.61,25.02,0.00
02/22/2021,17:11,235.90,235.97,235.47,235.50,65606,91434,34.01,0.00,0.00,237.56,235.48,236.52,190.90,0.00
02/22/2021,17:12,235.49,235.63,235.34,235.43,73347,55238,21.88,0.00,0.00,237.52,235.35,236.43,59.14,0.00
02/22/2021,17:13,235.44,235.69,235.40,235.69,54795,24367,2.57,0.00,0.00,237.41,235.29,236.35,54.53,0.00
02/22/2021,17:14,235.66,235.73,235.47,235.56,81471,40885,-0.23,0.00,0.00,237.29,235.25,236.27,53.30,0.00
02/22/2021,17:15,235.56,235.60,235.03,235.17,92945,99913,19.26,0.00,0.00,237.18,235.15,236.16,121.47,0.00
02/22/2021,17:16,235.16,235.25,234.79,234.98,98054,150164,21.77,0.00,0.00,237.11,235.01,236.06,47.61,0.00
02/22/2021,17:17,234.93,235.05,234.85,234.98,54406,41500,11.98,0.00,0.00,237.01,234.90,235.96,1.35,0.00
02/22/2021,17:18,234.99,235.22,234.86,235.13,35170,40255,18.34,0.00,0.00,236.91,234.83,235.87,-7.99,0.00
02/22/2021,17:19,235.13,235.13,234.83,234.86,41808,67002,18.60,0.00,0.00,236.82,234.73,235.78,13.91,0.00
02/22/2021,17:20,234.86,235.08,234.80,234.94,64934,36215,9.66,0.00,0.00,236.76,234.64,235.70,-37.28,0.00
02/22/2021,17:21,234.95,235.15,234.83,234.93,55639,49743,-2.72,0.00,0.00,236.70,234.56,235.63,70.42,0.00
02/22/2021,17:22,234.92,235.00,234.54,234.56,46501,93309,7.17,0.00,0.00,236.68,234.42,235.55,50.16,0.00
02/22/2021,17:23,234.56,234.57,234.47,234.57,57827,64382,-4.80,0.00,0.00,236.57,234.33,235.45,11.51,0.00
02/22/2021,17:24,234.57,234.63,234.28,234.42,63279,83458,1.23,0.00,0.00,236.51,234.22,235.36,81.88,0.00
02/22/2021,17:25,234.41,234.55,234.34,234.43,58318,45649,-17.48,0.00,0.00,236.41,234.13,235.27,-33.80,0.00
02/22/2021,17:26,234.43,234.67,234.37,234.43,54537,71695,-21.33,0.00,0.00,236.32,234.06,235.19,-1.83,0.00
02/22/2021,17:27,234.43,234.43,234.06,234.12,76035,99630,-10.08,0.00,0.00,236.21,233.96,235.08,121.91,0.00
02/22/2021,17:28,234.08,234.13,233.81,233.92,101514,104992,-10.27,0.00,0.00,236.11,233.84,234.98,68.77,0.00
02/22/2021,17:29,233.90,234.23,233.88,234.16,68767,53981,-5.93,0.00,0.00,235.97,233.80,234.88,-36.35,0.00
02/22/2021,17:30,234.17,234.41,234.12,234.39,36121,26690,-4.45,0.00,0.00,235.80,233.81,234.81,-74.70,0.00
02/22/2021,17:31,234.38,234.46,234.17,234.30,39915,37557,-5.33,0.00,0.00,235.71,233.78,234.75,-19.22,0.00
02/22/2021,17:32,234.34,234.61,234.33,234.42,37562,38903,-13.40,0.00,0.00,235.62,233.78,234.70,1.38,0.00
02/22/2021,17:33,234.38,234.49,234.05,234.20,33672,42527,7.67,0.00,0.00,235.45,233.80,234.62,-29.97,0.00
02/22/2021,17:34,234.20,234.45,234.07,234.27,37325,37600,7.86,0.00,0.00,235.28,233.84,234.56,-25.93,0.00
02/22/2021,17:35,234.29,234.43,234.02,234.41,58648,48379,19.19,0.00,0.00,235.18,233.86,234.52,1.56,0.00
02/22/2021,17:36,234.41,234.52,234.28,234.33,36239,30706,11.95,0.00,0.00,235.12,233.86,234.49,-52.12,0.00
02/22/2021,17:37,234.32,234.33,234.00,234.19,39536,47783,7.00,0.00,0.00,235.05,233.85,234.45,-28.55,0.00
02/22/2021,17:38,234.22,234.28,234.05,234.25,43859,36370,0.43,0.00,0.00,234.92,233.89,234.40,-45.32,0.00
02/22/2021,17:39,234.24,234.31,234.07,234.18,39898,31168,-5.95,0.00,0.00,234.85,233.89,234.37,-31.65,0.00
02/22/2021,17:40,234.18,234.50,234.08,234.45,85187,56966,2.61,0.00,0.00,234.76,233.94,234.35,12.61,0.00
02/22/2021,17:41,234.44,234.44,234.29,234.33,28285,33058,-6.08,0.00,0.00,234.63,234.01,234.32,-65.08,0.00
02/22/2021,17:42,234.32,234.55,234.28,234.39,36033,34303,-5.66,0.00,0.00,234.60,234.02,234.31,-65.94,0.00
02/22/2021,17:43,234.38,234.80,234.30,234.76,71936,41723,-0.96,0.00,0.00,234.65,233.98,234.32,-7.40,0.00
02/22/2021,17:44,234.77,234.78,234.49,234.50,52735,55621,-5.61,0.00,0.00,234.66,233.98,234.32,72.51,0.00
02/22/2021,17:45,234.48,234.72,234.43,234.62,48184,66258,-10.63,0.00,0.00,234.69,233.97,234.33,47.72,0.00
02/22/2021,17:46,234.60,234.60,234.37,234.40,31539,24844,-9.78,0.00,0.00,234.69,233.97,234.33,-26.26,0.00
02/22/2021,17:47,234.39,234.42,234.22,234.38,27017,23388,-15.16,0.00,0.00,234.69,233.99,234.34,-33.85,0.00
02/22/2021,17:48,234.37,234.38,234.22,234.28,28321,22581,-17.20,0.00,0.00,234.65,234.07,234.36,-32.06,0.00
02/22/2021,17:49,234.26,234.69,234.23,234.63,47837,17607,-1.32,0.00,0.00,234.68,234.09,234.38,-38.85,0.00
02/22/2021,17:50,234.61,234.72,234.55,234.61,23724,26331,-15.16,0.00,0.00,234.71,234.08,234.40,-25.23,0.00
02/22/2021,17:51,234.62,234.75,234.61,234.70,33411,34978,-14.36,0.00,0.00,234.75,234.08,234.41,-21.68,0.00
02/22/2021,17:52,234.69,234.76,234.44,234.45,38712,44765,-8.73,0.00,0.00,234.75,234.08,234.42,4.05,0.00
02/22/2021,17:53,234.45,234.45,234.26,234.36,18509,20009,-23.62,0.00,0.00,234.75,234.10,234.42,-45.80,0.00
02/22/2021,17:54,234.34,234.34,234.10,234.15,24151,32858,-22.56,0.00,0.00,234.76,234.08,234.42,-59.90,0.00
02/22/2021,17:55,234.16,234.25,234.04,234.14,27832,28404,-23.41,0.00,0.00,234.77,234.04,234.40,-8.33,0.00
02/22/2021,17:56,234.14,234.19,234.01,234.19,28060,29179,-23.17,0.00,0.00,234.77,234.03,234.40,-18.62,0.00
02/22/2021,17:57,234.21,234.40,234.13,234.13,34076,29453,-15.63,0.00,0.00,234.77,234.02,234.40,-44.11,0.00
02/22/2021,17:58,234.11,234.41,234.10,234.33,23147,14918,-3.33,0.00,0.00,234.77,234.02,234.40,-64.87,0.00
02/22/2021,17:59,234.33,234.41,234.12,234.12,30336,33715,-12.85,0.00,0.00,234.78,234.01,234.40,-44.03,0.00
02/22/2021,18:00,234.12,234.23,233.99,234.21,24731,42571,-6.72,0.00,0.00,234.77,233.99,234.38,19.37,0.00
02/22/2021,18:01,234.19,234.29,234.16,234.21,16811,16300,-6.77,0.00,0.00,234.77,233.98,234.38,-34.31,0.00
02/22/2021,18:02,234.20,234.24,234.01,234.08,24274,24800,-11.52,0.00,0.00,234.78,233.95,234.36,-3.59,0.00
02/22/2021,18:03,234.11,234.27,234.05,234.26,22544,20134,-7.72,0.00,0.00,234.71,233.96,234.34,-34.79,0.00
02/22/2021,18:04,234.27,234.29,234.12,234.19,35513,28477,-11.51,0.00,0.00,234.70,233.95,234.32,27.84,0.00
02/22/2021,18:05,234.19,234.27,234.15,234.15,35667,28187,-16.50,0.00,0.00,234.65,233.94,234.30,-6.63,0.00
02/22/2021,18:06,234.14,234.29,234.06,234.27,42135,33681,-10.18,0.00,0.00,234.64,233.94,234.29,-9.18,0.00
02/22/2021,18:07,234.27,234.49,234.26,234.36,68128,27227,-11.14,0.00,0.00,234.64,233.94,234.29,147.56,0.00
02/22/2021,18:08,234.36,234.36,233.96,234.05,29487,51116,-2.08,0.00,0.00,234.65,233.91,234.28,41.39,0.00
02/22/2021,18:09,234.08,234.33,234.03,234.23,42316,23062,-0.95,0.00,0.00,234.59,233.93,234.26,16.26,0.00
02/22/2021,18:10,234.22,234.22,233.64,233.69,60242,63491,23.54,0.00,0.00,234.59,233.84,234.21,116.17,0.00
02/22/2021,18:11,233.69,233.78,233.58,233.68,70908,30405,26.63,0.00,0.00,234.54,233.79,234.16,59.48,0.00
02/22/2021,18:12,233.65,233.65,233.37,233.39,52765,58599,25.75,0.00,0.00,234.59,233.63,234.11,192.56,0.00
02/22/2021,18:13,233.39,233.61,233.32,233.58,49960,43956,26.81,0.00,0.00,234.59,233.55,234.07,46.63,0.00
02/22/2021,18:14,233.59,233.77,233.52,233.72,34819,30591,29.67,0.00,0.00,234.59,233.51,234.05,-2.81,0.00
02/22/2021,18:15,233.71,233.87,233.62,233.85,43457,29324,38.23,0.00,0.00,234.58,233.49,234.03,119.81,0.00
02/22/2021,18:16,233.85,233.85,233.53,233.83,31915,35064,38.41,0.00,0.00,234.56,233.47,234.02,36.49,0.00
02/22/2021,18:17,233.81,233.93,233.73,233.93,42958,31750,28.18,0.00,0.00,234.55,233.46,234.01,75.05,0.00
02/22/2021,18:18,233.92,234.25,233.84,234.19,59963,38435,20.55,0.00,0.00,234.53,233.47,234.00,53.77,0.00
02/22/2021,18:19,234.22,234.26,234.07,234.16,25545,27848,8.30,0.00,0.00,234.53,233.47,234.00,-16.38,0.00
02/22/2021,18:20,234.18,234.21,233.99,234.19,21494,19023,-15.33,0.00,0.00,234.53,233.47,234.00,-46.56,0.00
02/22/2021,18:21,234.19,234.39,234.13,234.38,47551,44486,-9.71,0.00,0.00,234.56,233.46,234.01,-3.48,0.00
02/22/2021,18:22,234.38,234.60,234.32,234.60,41756,26665,-8.01,0.00,0.00,234.64,233.43,234.04,-15.11,0.00
02/22/2021,18:23,234.60,234.61,234.47,234.51,24474,28595,-15.94,0.00,0.00,234.68,233.41,234.05,-18.83,0.00
02/22/2021,18:24,234.49,234.65,234.43,234.52,30900,30060,-15.31,0.00,0.00,234.73,233.40,234.06,-50.73,0.00
02/22/2021,18:25,234.51,234.83,234.48,234.83,38343,25313,-6.24,0.00,0.00,234.84,233.35,234.10,-37.17,0.00
02/22/2021,18:26,234.83,235.03,234.78,234.95,37263,32987,-9.43,0.00,0.00,234.96,233.30,234.13,-36.92,0.00
02/22/2021,18:27,234.96,234.96,234.81,234.82,18606,43469,-11.53,0.00,0.00,235.03,233.28,234.15,-33.90,0.00
02/22/2021,18:28,234.82,234.83,234.38,234.54,42323,63110,-6.15,0.00,0.00,235.07,233.29,234.18,61.19,0.00
02/22/2021,18:29,234.56,234.61,234.33,234.38,30690,29068,0.55,0.00,0.00,235.08,233.29,234.19,-17.89,0.00
02/22/2021,18:30,234.40,234.43,234.16,234.16,12447,26798,3.88,0.00,0.00,235.08,233.34,234.21,-41.41,0.00
02/22/2021,18:31,234.18,234.30,233.88,233.96,38805,33387,14.18,0.00,0.00,235.07,233.38,234.22,-3.37,0.00
02/22/2021,18:32,233.94,233.97,233.67,233.72,44868,47525,12.84,0.00,0.00,235.03,233.46,234.24,-6.10,0.00
02/22/2021,18:33,233.71,233.86,233.69,233.74,30783,15286,13.73,0.00,0.00,235.01,233.49,234.25,-13.72,0.00
02/22/2021,18:34,233.75,233.76,233.61,233.61,15354,14176,6.14,0.00,0.00,235.02,233.47,234.24,-27.12,0.00
02/22/2021,18:35,233.61,233.71,233.47,233.60,43211,44178,-3.06,0.00,0.00,235.04,233.42,234.23,-5.05,0.00
02/22/2021,18:36,233.60,233.74,233.56,233.72,32229,16842,-7.45,0.00,0.00,235.05,233.40,234.23,-28.28,0.00
02/22/2021,18:37,233.72,233.93,233.66,233.67,34204,25480,2.55,0.00,0.00,235.06,233.36,234.21,12.46,0.00
02/22/2021,18:38,233.67,233.71,233.55,233.70,31889,19714,-17.24,0.00,0.00,235.07,233.31,234.19,-15.35,0.00
02/22/2021,18:39,233.67,233.99,233.61,233.80,26098,22962,-7.53,0.00,0.00,235.06,233.28,234.17,-22.93,0.00
02/22/2021,18:40,233.82,233.82,233.60,233.63,15616,21201,-9.48,0.00,0.00,235.07,233.22,234.14,-47.59,0.00
02/22/2021,18:41,233.65,233.67,233.53,233.62,32297,33625,-23.93,0.00,0.00,235.05,233.16,234.10,6.20,0.00
02/22/2021,18:42,233.63,233.63,233.50,233.56,44360,41896,-29.84,0.00,0.00,235.00,233.11,234.05,-18.19,0.00
02/22/2021,18:43,233.55,233.55,233.33,233.40,68826,64700,-23.25,0.00,0.00,234.96,233.04,234.00,123.44,0.00
02/22/2021,18:44,233.39,233.46,233.13,233.21,60022,75479,-7.91,0.00,0.00,234.92,232.94,233.93,245.27,0.00
02/22/2021,18:45,233.20,233.26,233.05,233.10,61262,54189,-8.70,0.00,0.00,234.80,232.89,233.84,59.92,0.00
02/22/2021,18:46,233.10,233.20,232.99,233.14,58219,61103,-5.23,0.00,0.00,234.62,232.89,233.75,29.15,0.00
02/22/2021,18:47,233.14,233.20,232.92,232.95,49423,46612,-3.44,0.00,0.00,234.44,232.88,233.66,108.46,0.00
02/22/2021,18:48,232.96,233.05,232.90,233.00,43051,34278,-3.79,0.00,0.00,234.30,232.86,233.58,161.87,0.00
02/22/2021,18:49,232.99,233.05,232.93,233.01,28046,30931,-21.19,0.00,0.00,234.18,232.85,233.51,-32.51,0.00
02/22/2021,18:50,233.03,233.04,232.88,233.00,30774,37951,-22.17,0.00,0.00,234.08,232.83,233.46,40.05,0.00
02/22/2021,18:51,233.01,233.46,232.96,233.39,66655,32938,8.75,0.00,0.00,234.01,232.84,233.43,66.87,0.00
02/22/2021,18:52,233.38,233.45,233.27,233.27,18664,17897,12.07,0.00,0.00,233.98,232.83,233.41,-29.15,0.00
02/22/2021,18:53,233.26,233.34,233.20,233.24,13750,22999,2.98,0.00,0.00,233.94,232.83,233.38,-25.09,0.00
02/22/2021,18:54,233.23,233.28,233.08,233.08,33858,37674,-7.86,0.00,0.00,233.91,232.80,233.35,94.29,0.00
02/22/2021,18:55,233.08,233.09,232.83,232.85,23761,37333,-2.60,0.00,0.00,233.91,232.73,233.32,-7.32,0.00
02/22/2021,18:56,232.84,232.86,232.64,232.65,63313,63456,-1.36,0.00,0.00,233.89,232.64,233.26,46.97,0.00
02/22/2021,18:57,232.63,232.79,232.57,232.74,37727,29482,-5.69,0.00,0.00,233.85,232.58,233.22,-49.67,0.00
02/22/2021,18:58,232.74,232.88,232.64,232.84,38204,28517,2.44,0.00,0.00,233.79,232.56,233.17,-50.76,0.00
02/22/2021,18:59,232.84,232.87,232.54,232.62,34301,42937,21.06,0.00,0.00,233.70,232.53,233.12,-33.10,0.00
02/22/2021,19:00,232.61,232.82,232.61,232.73,33263,18590,22.58,0.00,0.00,233.63,232.51,233.07,-56.54,0.00
02/22/2021,19:01,232.75,232.78,232.60,232.62,33081,24250,-8.89,0.00,0.00,233.55,232.49,233.02,-40.30,0.00
02/22/2021,19:02,232.63,232.63,232.41,232.58,37854,61377,-4.60,0.00,0.00,233.48,232.46,232.97,28.32,0.00
02/22/2021,19:03,232.62,232.70,232.56,232.58,30879,29224,-4.07,0.00,0.00,233.42,232.44,232.93,1.91,0.00
02/22/2021,19:04,232.58,232.70,232.46,232.69,43876,24468,-0.02,0.00,0.00,233.39,232.42,232.90,-0.55,0.00
02/22/2021,19:05,232.70,232.74,232.51,232.68,29858,21129,-2.45,0.00,0.00,233.37,232.40,232.88,-48.80,0.00
02/22/2021,19:06,232.65,232.76,232.58,232.76,22540,15643,-5.27,0.00,0.00,233.34,232.39,232.86,4.44,0.00
02/22/2021,19:07,232.76,232.78,232.58,232.62,21611,22901,-5.95,0.00,0.00,233.33,232.36,232.85,21.12,0.00
02/22/2021,19:08,232.61,232.75,232.58,232.65,17497,16319,-10.44,0.00,0.00,233.32,232.34,232.83,-52.73,0.00
02/22/2021,19:09,232.67,232.85,232.66,232.76,22381,16575,-18.28,0.00,0.00,233.30,232.34,232.82,-36.24,0.00
02/22/2021,19:10,232.75,232.75,232.54,232.57,26109,30427,-15.35,0.00,0.00,233.28,232.31,232.80,-55.40,0.00
02/22/2021,19:11,232.58,232.61,232.41,232.43,32532,38028,-11.55,0.00,0.00,233.17,232.32,232.75,4.99,0.00
02/22/2021,19:12,232.40,232.64,232.40,232.53,25166,22150,-7.90,0.00,0.00,233.07,232.35,232.71,-29.08,0.00
02/22/2021,19:13,232.54,232.68,232.41,232.57,26669,70709,4.27,0.00,0.00,232.95,232.40,232.68,26.08,0.00
02/22/2021,19:14,232.59,232.59,232.46,232.49,19943,22271,-5.85,0.00,0.00,232.86,232.43,232.65,-18.59,0.00
02/22/2021,19:15,232.50,232.65,232.50,232.55,18028,17621,-11.39,0.00,0.00,232.83,232.44,232.63,-37.82,0.00
02/22/2021,19:16,232.57,232.77,232.57,232.62,25522,12536,-7.91,0.00,0.00,232.83,232.43,232.63,-61.65,0.00
02/22/2021,19:17,232.62,232.83,232.58,232.83,29710,12693,-2.19,0.00,0.00,232.85,232.43,232.64,-29.45,0.00
02/22/2021,19:18,232.83,232.87,232.55,232.64,24268,30481,11.62,0.00,0.00,232.82,232.44,232.63,-19.89,0.00
02/22/2021,19:19,232.64,232.96,232.49,232.95,47006,31792,35.07,0.00,0.00,232.88,232.41,232.64,54.55,0.00
02/22/2021,19:20,232.94,232.98,232.86,232.96,18972,20578,20.33,0.00,0.00,232.93,232.38,232.65,3.58,0.00
02/22/2021,19:21,232.96,233.05,232.88,232.99,18037,20675,13.95,0.00,0.00,232.98,232.36,232.67,-13.03,0.00
02/22/2021,19:22,232.98,233.08,232.92,233.07,16907,26727,4.06,0.00,0.00,233.05,232.35,232.70,29.03,0.00
02/22/2021,19:23,233.06,233.10,232.97,233.08,18133,17689,-8.44,0.00,0.00,233.10,232.34,232.72,-8.04,0.00
02/22/2021,19:24,233.08,233.20,233.02,233.18,24038,23611,-2.99,0.00,0.00,233.18,232.32,232.75,-15.72,0.00
02/22/2021,19:25,233.16,233.19,232.89,232.90,16935,39643,11.52,0.00,0.00,233.19,232.32,232.76,-19.82,0.00
02/22/2021,19:26,232.89,233.10,232.76,233.08,25472,24100,22.43,0.00,0.00,233.23,232.32,232.77,4.77,0.00
02/22/2021,19:27,233.08,233.13,232.99,233.00,10320,15834,7.69,0.00,0.00,233.25,232.33,232.79,-73.14,0.00
02/22/2021,19:28,233.01,233.18,232.99,233.17,21998,16852,-4.76,0.00,0.00,233.30,232.33,232.82,-7.97,0.00
02/22/2021,19:29,233.17,233.26,233.05,233.11,28365,20120,-20.75,0.00,0.00,233.34,232.34,232.84,36.01,0.00
02/22/2021,19:30,233.12,233.23,233.00,233.16,15252,15925,-10.65,0.00,0.00,233.37,232.36,232.87,-18.08,0.00
02/22/2021,19:31,233.18,233.24,233.10,233.24,13203,7094,-11.59,0.00,0.00,233.39,232.42,232.91,-52.13,0.00
02/22/2021,19:32,233.20,233.25,233.17,233.18,11970,10137,-16.74,0.00,0.00,233.41,232.47,232.94,-59.62,0.00
02/22/2021,19:33,233.19,233.21,233.11,233.13,15199,13313,-17.49,0.00,0.00,233.41,232.52,232.97,-63.82,0.00
02/22/2021,19:34,233.11,233.25,233.09,233.22,16010,9017,-16.43,0.00,0.00,233.40,232.61,233.00,-36.72,0.00
02/22/2021,19:35,233.22,233.51,233.21,233.50,32822,21948,-12.28,0.00,0.00,233.45,232.65,233.05,41.48,0.00
02/22/2021,19:36,233.50,233.62,233.42,233.43,32148,23169,-19.77,0.00,0.00,233.47,232.71,233.09,26.77,0.00
02/22/2021,19:37,233.44,233.54,233.41,233.51,16233,13940,-18.31,0.00,0.00,233.52,232.73,233.13,-15.77,0.00
02/22/2021,19:38,233.51,233.64,233.51,233.55,15303,20100,-20.44,0.00,0.00,233.55,232.80,233.17,-25.70,0.00
02/22/2021,19:39,233.54,233.56,233.41,233.44,18117,18094,-21.89,0.00,0.00,233.57,232.82,233.20,-36.00,0.00
02/22/2021,19:40,233.44,233.45,233.31,233.31,20161,16941,-25.21,0.00,0.00,233.58,232.85,233.21,-25.16,0.00
02/22/2021,19:41,233.29,233.56,233.28,233.55,18754,19801,-9.51,0.00,0.00,233.62,232.86,233.24,47.42,0.00
02/22/2021,19:42,233.56,233.66,233.55,233.60,23930,18443,-5.73,0.00,0.00,233.67,232.87,233.27,9.07,0.00
02/22/2021,19:43,233.59,233.60,233.48,233.55,18184,22747,-2.91,0.00,0.00,233.70,232.88,233.29,-15.58,0.00
02/22/2021,19:44,233.52,233.58,233.46,233.52,15730,17427,-6.81,0.00,0.00,233.72,232.89,233.31,6.35,0.00
02/22/2021,19:45,233.53,233.70,233.46,233.70,19193,11570,-10.61,0.00,0.00,233.75,232.94,233.35,51.56,0.00
02/22/2021,19:46,233.70,233.85,233.70,233.85,20171,20578,-13.34,0.00,0.00,233.83,232.94,233.39,84.33,0.00
02/22/2021,19:47,233.85,233.87,233.81,233.87,13695,12309,-18.65,0.00,0.00,233.88,232.98,233.43,-8.80,0.00
02/22/2021,19:48,233.86,233.98,233.83,233.98,25770,16462,-13.95,0.00,0.00,233.97,232.97,233.47,68.75,0.00
02/22/2021,19:49,233.97,234.13,233.95,234.08,29863,28900,-8.41,0.00,0.00,234.05,232.99,233.52,7.29,0.00
02/22/2021,19:50,234.09,234.11,233.94,233.96,45883,17783,-3.73,0.00,0.00,234.10,233.02,233.56,15.09,0.00
02/22/2021,19:51,233.96,234.17,233.93,234.17,21107,15145,-6.66,0.00,0.00,234.19,233.02,233.60,20.15,0.00
02/22/2021,19:52,234.18,234.40,234.15,234.32,25226,32516,9.07,0.00,0.00,234.29,233.04,233.66,63.10,0.00
02/22/2021,19:53,234.32,234.44,234.26,234.43,26675,23952,14.61,0.00,0.00,234.39,233.07,233.73,39.81,0.00
02/22/2021,19:54,234.44,234.57,234.33,234.33,36207,38532,26.74,0.00,0.00,234.45,233.12,233.78,101.44,0.00
02/22/2021,19:55,234.34,234.46,234.33,234.37,14153,18944,8.04,0.00,0.00,234.53,233.13,233.83,-14.16,0.00
02/22/2021,19:56,234.36,234.36,234.20,234.20,12685,17118,7.81,0.00,0.00,234.56,233.17,233.86,-29.67,0.00
02/22/2021,19:57,234.20,234.30,234.19,234.28,11778,7586,13.43,0.00,0.00,234.60,233.21,233.90,-52.69,0.00
02/22/2021,19:58,234.27,234.27,234.20,234.25,8727,9484,1.06,0.00,0.00,234.63,233.25,233.94,-45.08,0.00
02/22/2021,19:59,234.25,234.29,234.11,234.23,17089,24127,0.84,0.00,0.00,234.64,233.31,233.98,33.98,0.00
02/22/2021,20:00,234.22,234.28,234.17,234.18,12938,11742,-6.31,0.00,0.00,234.61,233.43,234.02,-39.43,0.00
02/22/2021,20:01,234.19,234.21,234.10,234.19,14956,10184,-18.49,0.00,0.00,234.61,233.50,234.05,-3.32,0.00
02/22/2021,20:02,234.23,234.27,234.12,234.19,18473,10970,-23.75,0.00,0.00,234.60,233.57,234.08,-30.28,0.00
02/22/2021,20:03,234.20,234.22,234.11,234.14,15294,12960,-26.44,0.00,0.00,234.57,233.66,234.11,-51.92,0.00
02/22/2021,20:04,234.15,234.16,234.07,234.10,11101,11007,-34.52,0.00,0.00,234.51,233.77,234.14,-65.28,0.00
02/22/2021,20:05,234.09,234.11,234.02,234.02,11701,13675,-34.03,0.00,0.00,234.47,233.85,234.16,-30.00,0.00
02/22/2021,20:06,234.02,234.12,233.94,234.06,14056,15029,-26.46,0.00,0.00,234.45,233.89,234.17,-49.63,0.00
02/22/2021,20:07,234.04,234.09,234.00,234.04,16167,8086,-25.47,0.00,0.00,234.43,233.92,234.18,-52.09,0.00
02/22/2021,20:08,234.01,234.09,233.97,234.06,11770,7744,-17.18,0.00,0.00,234.42,233.94,234.18,-73.89,0.00
02/22/2021,20:09,234.07,234.29,234.03,234.29,22079,8004,-4.12,0.00,0.00,234.44,233.95,234.19,-9.11,0.00
02/22/2021,20:10,234.30,234.32,234.08,234.19,13623,17751,12.59,0.00,0.00,234.42,233.98,234.20,5.27,0.00
02/22/2021,20:11,234.20,234.28,234.11,234.12,9636,15413,18.59,0.00,0.00,234.42,233.98,234.20,29.36,0.00
02/22/2021,20:12,234.11,234.17,234.08,234.14,11807,5704,7.31,0.00,0.00,234.41,233.97,234.19,-3.84,0.00
02/22/2021,20:13,234.15,234.42,234.15,234.38,30041,30132,27.64,0.00,0.00,234.40,233.98,234.19,45.99,0.00
02/22/2021,20:14,234.37,234.48,234.37,234.46,28474,31136,26.95,0.00,0.00,234.43,233.96,234.19,141.53,0.00
02/22/2021,20:15,234.47,234.49,234.31,234.35,14093,13307,36.85,0.00,0.00,234.42,233.96,234.19,8.99,0.00
02/22/2021,20:16,234.36,234.48,234.36,234.46,6616,12099,19.38,0.00,0.00,234.46,233.95,234.21,-36.44,0.00
02/22/2021,20:17,234.46,234.57,234.46,234.53,9627,15254,19.76,0.00,0.00,234.51,233.93,234.22,-11.94,0.00
02/22/2021,20:18,234.53,234.56,234.41,234.46,6136,12534,20.69,0.00,0.00,234.54,233.92,234.23,-15.55,0.00
02/22/2021,20:19,234.46,234.52,234.46,234.46,5962,9311,-10.47,0.00,0.00,234.57,233.92,234.24,-39.81,0.00
02/22/2021,20:20,234.47,234.50,234.41,234.48,7136,10884,-24.25,0.00,0.00,234.60,233.92,234.26,-38.04,0.00
02/22/2021,20:21,234.48,234.62,234.47,234.59,12304,10338,-21.92,0.00,0.00,234.64,233.91,234.28,-6.64,0.00
02/22/2021,20:22,234.59,234.68,234.54,234.61,16097,12575,-13.58,0.00,0.00,234.69,233.90,234.30,46.93,0.00
02/22/2021,20:23,234.62,234.76,234.61,234.75,16661,11795,-22.31,0.00,0.00,234.76,233.89,234.33,-5.41,0.00
02/22/2021,20:24,234.76,234.90,234.74,234.83,21718,21494,-13.94,0.00,0.00,234.84,233.89,234.36,37.73,0.00
02/22/2021,20:25,234.80,234.92,234.80,234.86,20250,11728,-17.78,0.00,0.00,234.90,233.92,234.41,27.66,0.00
02/22/2021,20:26,234.86,234.95,234.85,234.89,12444,11713,-17.63,0.00,0.00,234.95,233.94,234.45,37.95,0.00
02/22/2021,20:27,234.90,234.97,234.84,234.87,18366,15829,-12.80,0.00,0.00,234.99,233.99,234.49,-43.17,0.00
02/22/2021,20:28,234.86,234.91,234.84,234.89,5428,9013,-20.24,0.00,0.00,235.02,234.04,234.53,-75.77,0.00
02/22/2021,20:29,234.89,234.93,234.85,234.87,11520,9051,-15.83,0.00,0.00,235.06,234.06,234.56,-24.92,0.00
02/22/2021,20:30,234.86,235.07,234.86,235.02,36477,15537,3.72,0.00,0.00,235.11,234.09,234.60,177.93,0.00
02/22/2021,20:31,235.01,235.08,234.92,235.07,19504,12813,4.34,0.00,0.00,235.14,234.15,234.65,29.89,0.00
02/22/2021,20:32,235.09,235.13,234.98,235.00,5830,12514,4.89,0.00,0.00,235.15,234.23,234.69,-1.75,0.00
02/22/2021,20:33,235.00,235.07,234.96,235.04,6321,9097,-1.50,0.00,0.00,235.18,234.26,234.72,0.95,0.00
02/22/2021,20:34,235.05,235.07,235.02,235.03,7198,8004,-15.54,0.00,0.00,235.21,234.29,234.75,-15.64,0.00
02/22/2021,20:35,235.04,235.14,235.00,235.08,13001,10701,-10.37,0.00,0.00,235.23,234.35,234.79,4.68,0.00
02/22/2021,20:36,235.09,235.18,235.09,235.18,16114,11198,-10.32,0.00,0.00,235.27,234.38,234.83,-4.74,0.00
02/22/2021,20:37,235.18,235.25,235.17,235.24,14451,11211,-15.46,0.00,0.00,235.32,234.40,234.86,-9.82,0.00
02/22/2021,20:38,235.24,235.24,235.15,235.17,13328,15075,-10.73,0.00,0.00,235.34,234.46,234.90,-34.27,0.00
02/22/2021,20:39,235.17,235.27,235.14,235.19,14468,15597,-1.19,0.00,0.00,235.34,234.52,234.93,-5.98,0.00
02/22/2021,20:40,235.18,235.20,235.11,235.14,7490,4982,-17.69,0.00,0.00,235.33,234.60,234.97,-48.37,0.00
02/22/2021,20:41,235.13,235.15,235.06,235.11,14163,14604,-23.30,0.00,0.00,235.31,234.67,234.99,-15.87,0.00
02/22/2021,20:42,235.09,235.10,235.04,235.10,10477,7759,-30.57,0.00,0.00,235.29,234.74,235.02,26.28,0.00
02/22/2021,20:43,235.10,235.11,235.03,235.08,12951,10684,-30.07,0.00,0.00,235.28,234.79,235.03,14.89,0.00
02/22/2021,20:44,235.07,235.15,235.00,235.08,22540,24916,-12.30,0.00,0.00,235.27,234.82,235.05,-8.76,0.00
02/22/2021,20:45,235.08,235.21,235.08,235.09,15211,14731,-11.22,0.00,0.00,235.27,234.84,235.06,-7.35,0.00
02/22/2021,20:46,235.10,235.29,235.10,235.28,8859,5668,6.04,0.00,0.00,235.30,234.86,235.08,-20.81,0.00
02/22/2021,20:47,235.27,235.38,235.26,235.34,14808,5613,11.89,0.00,0.00,235.33,234.87,235.10,32.45,0.00
02/22/2021,20:48,235.33,235.39,235.23,235.26,10165,15770,22.07,0.00,0.00,235.33,234.90,235.12,70.60,0.00
02/22/2021,20:49,235.27,235.27,235.10,235.10,14752,14804,23.93,0.00,0.00,235.31,234.95,235.13,24.70,0.00
02/22/2021,20:50,235.11,235.14,235.07,235.14,9232,12534,16.85,0.00,0.00,235.31,234.96,235.14,-20.31,0.00
02/22/2021,20:51,235.15,235.27,235.15,235.23,9112,7957,19.45,0.00,0.00,235.32,234.97,235.14,-33.49,0.00
02/22/2021,20:52,235.23,235.28,235.17,235.19,11537,12540,26.74,0.00,0.00,235.32,234.99,235.15,-15.23,0.00
02/22/2021,20:53,235.19,235.29,235.17,235.26,14776,9180,30.38,0.00,0.00,235.33,235.00,235.16,-20.32,0.00
02/22/2021,20:54,235.29,235.35,235.26,235.32,8238,7818,11.78,0.00,0.00,235.34,235.02,235.18,28.74,0.00
02/22/2021,20:55,235.33,235.41,235.32,235.38,13005,7420,2.48,0.00,0.00,235.37,235.02,235.19,-29.00,0.00
02/22/2021,20:56,235.37,235.53,235.37,235.44,29050,17409,-2.65,0.00,0.00,235.42,235.00,235.21,154.77,0.00
02/22/2021,20:57,235.45,235.52,235.44,235.51,11269,10202,-8.12,0.00,0.00,235.47,234.97,235.22,-9.16,0.00
02/22/2021,20:58,235.51,235.65,235.51,235.59,16612,24685,-9.11,0.00,0.00,235.53,234.95,235.24,-12.98,0.00
02/22/2021,20:59,235.59,235.65,235.59,235.61,13979,16239,-21.68,0.00,0.00,235.60,234.93,235.26,0.92,0.00
02/22/2021,21:00,235.60,235.62,235.51,235.52,12223,9592,-13.63,0.00,0.00,235.63,234.94,235.28,50.17,0.00
02/22/2021,21:01,235.52,235.54,235.48,235.49,9609,9136,-20.04,0.00,0.00,235.65,234.95,235.30,-8.21,0.00
02/22/2021,21:02,235.50,235.57,235.45,235.49,14369,15753,-15.23,0.00,0.00,235.66,234.98,235.32,16.14,0.00
02/22/2021,21:03,235.46,235.47,235.36,235.46,18834,12246,-13.99,0.00,0.00,235.67,235.01,235.34,5.16,0.00
02/22/2021,21:04,235.39,235.45,235.38,235.43,7205,6947,-15.16,0.00,0.00,235.67,235.05,235.36,-34.98,0.00
02/22/2021,21:05,235.43,235.43,235.31,235.36,8906,14165,-7.99,0.00,0.00,235.66,235.08,235.37,35.16,0.00
02/22/2021,21:06,235.37,235.39,235.24,235.27,27830,15283,-7.57,0.00,0.00,235.66,235.08,235.37,79.06,0.00
02/22/2021,21:07,235.27,235.41,235.27,235.34,9975,9499,3.11,0.00,0.00,235.66,235.08,235.37,-18.71,0.00
02/22/2021,21:08,235.36,235.43,235.33,235.38,8703,12816,-3.76,0.00,0.00,235.66,235.09,235.38,34.02,0.00
02/22/2021,21:09,235.37,235.37,235.22,235.22,7126,13580,11.91,0.00,0.00,235.64,235.12,235.38,1.38,0.00
02/22/2021,21:10,235.23,235.27,235.19,235.22,7095,7722,4.63,0.00,0.00,235.64,235.14,235.39,-68.11,0.00
02/22/2021,21:11,235.22,235.22,235.11,235.15,27907,15302,13.31,0.00,0.00,235.64,235.12,235.38,101.24,0.00
02/22/2021,21:12,235.14,235.24,235.13,235.18,9135,13017,8.71,0.00,0.00,235.64,235.12,235.38,-46.36,0.00
02/22/2021,21:13,235.17,235.22,235.13,235.13,10680,7606,3.54,0.00,0.00,235.66,235.09,235.37,-39.49,0.00
02/22/2021,21:14,235.12,235.18,235.08,235.15,17849,9789,8.66,0.00,0.00,235.66,235.07,235.37,26.69,0.00
02/22/2021,21:15,235.17,235.18,235.05,235.09,20917,26184,8.59,0.00,0.00,235.67,235.03,235.35,151.27,0.00
02/22/2021,21:16,235.09,235.15,235.07,235.08,11990,47303,-5.03,0.00,0.00,235.67,235.00,235.33,96.84,0.00
02/22/2021,21:17,235.08,235.12,235.07,235.12,9403,4585,-18.04,0.00,0.00,235.65,234.97,235.31,-54.99,0.00
02/22/2021,21:18,235.12,235.27,235.11,235.22,21166,12442,-5.49,0.00,0.00,235.61,234.98,235.30,137.48,0.00
02/22/2021,21:19,235.21,235.29,235.20,235.23,9209,7366,-13.35,0.00,0.00,235.56,234.99,235.28,-28.16,0.00
02/22/2021,21:20,235.22,235.25,235.20,235.24,11219,9985,-16.47,0.00,0.00,235.52,235.00,235.26,-50.82,0.00
02/22/2021,21:21,235.24,235.28,235.10,235.10,8317,12129,-2.17,0.00,0.00,235.49,235.00,235.24,4.99,0.00
02/22/2021,21:22,235.10,235.18,235.10,235.15,6610,4779,-6.67,0.00,0.00,235.45,235.00,235.23,-47.07,0.00
02/22/2021,21:23,235.17,235.21,235.15,235.20,8665,8417,-10.72,0.00,0.00,235.41,235.02,235.21,-17.50,0.00
02/22/2021,21:24,235.19,235.20,235.13,235.14,5217,8041,-14.01,0.00,0.00,235.37,235.03,235.20,-10.52,0.00
02/22/2021,21:25,235.14,235.22,235.12,235.17,13626,8421,-15.95,0.00,0.00,235.34,235.04,235.19,-48.98,0.00
02/22/2021,21:26,235.16,235.32,235.15,235.32,61281,7503,1.83,0.00,0.00,235.35,235.03,235.19,210.51,0.00
02/22/2021,21:27,235.30,235.30,235.13,235.17,22572,34717,24.61,0.00,0.00,235.33,235.04,235.18,213.29,0.00
02/22/2021,21:28,235.17,235.20,235.09,235.09,8271,11827,9.40,0.00,0.00,235.29,235.05,235.17,-27.28,0.00
02/22/2021,21:29,235.10,235.13,235.07,235.13,10137,12454,2.67,0.00,0.00,235.28,235.05,235.16,-52.04,0.00
02/22/2021,21:30,235.12,235.13,235.05,235.06,5037,6605,8.21,0.00,0.00,235.28,235.03,235.16,-80.37,0.00
02/22/2021,21:31,235.04,235.11,235.01,235.11,11256,11222,-7.51,0.00,0.00,235.28,235.03,235.15,60.69,0.00
02/22/2021,21:32,235.10,235.12,235.03,235.06,8493,14688,-4.71,0.00,0.00,235.28,235.02,235.15,-31.03,0.00
02/22/2021,21:33,235.05,235.08,235.03,235.04,8974,8897,-6.07,0.00,0.00,235.28,235.00,235.14,7.82,0.00
02/22/2021,21:34,235.05,235.09,234.96,235.01,9797,19440,6.70,0.00,0.00,235.29,234.99,235.14,37.88,0.00
02/22/2021,21:35,235.02,235.05,234.94,234.95,8556,7746,7.35,0.00,0.00,235.30,234.96,235.13,-20.27,0.00
02/22/2021,21:36,234.95,235.05,234.91,235.00,16644,11866,0.13,0.00,0.00,235.30,234.95,235.13,150.33,0.00
02/22/2021,21:37,234.99,235.00,234.91,234.94,7055,16391,-12.18,0.00,0.00,235.31,234.92,235.12,37.26,0.00
02/22/2021,21:38,234.94,235.00,234.88,234.94,12437,15991,-8.55,0.00,0.00,235.31,234.90,235.10,114.42,0.00
02/22/2021,21:39,234.93,234.94,234.87,234.93,19882,89159,-5.96,0.00,0.00,235.30,234.88,235.09,394.58,0.00
02/22/2021,21:40,234.91,234.98,234.88,234.90,9665,9729,-1.54,0.00,0.00,235.28,234.86,235.07,-71.80,0.00
02/22/2021,21:41,234.89,234.94,234.83,234.94,12021,10703,0.53,0.00,0.00,235.28,234.84,235.06,-60.33,0.00
02/22/2021,21:42,234.94,235.00,234.92,234.96,12657,12064,-1.39,0.00,0.00,235.27,234.83,235.05,23.00,0.00
02/22/2021,21:43,234.96,235.04,234.93,235.01,13127,6550,10.82,0.00,0.00,235.25,234.83,235.04,-12.90,0.00
02/22/2021,21:44,235.01,235.15,235.01,235.05,11389,11861,10.07,0.00,0.00,235.24,234.83,235.04,99.71,0.00
02/22/2021,21:45,235.06,235.18,235.05,235.14,13557,9759,11.69,0.00,0.00,235.24,234.84,235.04,3.73,0.00
02/22/2021,21:46,235.15,235.21,235.10,235.10,18135,15505,3.82,0.00,0.00,235.18,234.87,235.03,45.12,0.00
02/22/2021,21:47,235.09,235.13,235.02,235.07,10452,7930,6.72,0.00,0.00,235.17,234.88,235.02,2.86,0.00
02/22/2021,21:48,235.07,235.12,235.01,235.07,6613,9352,3.65,0.00,0.00,235.16,234.88,235.02,-45.39,0.00
02/22/2021,21:49,235.07,235.15,235.05,235.15,11165,9452,8.63,0.00,0.00,235.17,234.88,235.02,26.47,0.00
02/22/2021,21:50,235.17,235.19,235.13,235.13,3915,9030,-0.20,0.00,0.00,235.18,234.87,235.02,-54.59,0.00
02/22/2021,21:51,235.14,235.35,235.13,235.35,25514,18771,19.45,0.00,0.00,235.24,234.83,235.04,88.88,0.00
02/22/2021,21:52,235.35,235.38,235.29,235.38,12399,15588,18.42,0.00,0.00,235.31,234.80,235.05,-1.55,0.00
02/22/2021,21:53,235.39,235.50,235.39,235.48,26810,13534,14.74,0.00,0.00,235.39,234.76,235.07,-63.00,0.00
02/22/2021,21:54,235.47,235.55,235.45,235.50,10844,17476,4.48,0.00,0.00,235.46,234.74,235.10,46.02,0.00
02/22/2021,21:55,235.51,235.53,235.37,235.44,11813,21285,8.42,0.00,0.00,235.51,234.74,235.12,45.65,0.00
02/22/2021,21:56,235.45,235.52,235.33,235.33,14454,24108,19.98,0.00,0.00,235.53,234.75,235.14,55.99,0.00
02/22/2021,21:57,235.32,235.42,235.27,235.42,14082,15362,22.93,0.00,0.00,235.56,234.77,235.16,49.64,0.00
02/22/2021,21:58,235.44,235.45,235.20,235.28,13633,18881,41.76,0.00,0.00,235.57,234.79,235.18,39.85,0.00
02/22/2021,21:59,235.28,235.43,235.28,235.38,12712,9808,43.14,0.00,0.00,235.58,234.83,235.20,-3.41,0.00
02/22/2021,22:00,235.38,235.39,235.33,235.36,6586,6536,38.43,0.00,0.00,235.58,234.87,235.23,-60.99,0.00
02/22/2021,22:01,235.33,235.37,235.28,235.30,13322,7964,6.40,0.00,0.00,235.58,234.91,235.24,15.80,0.00
02/22/2021,22:02,235.30,235.30,235.16,235.18,12994,13673,13.34,0.00,0.00,235.56,234.95,235.26,67.03,0.00
02/22/2021,22:03,235.14,235.15,235.04,235.14,14605,13287,11.02,0.00,0.00,235.55,234.97,235.26,35.29,0.00
02/22/2021,22:04,235.16,235.16,235.00,235.07,11412,18420,18.95,0.00,0.00,235.55,234.98,235.26,130.45,0.00
02/22/2021,22:05,235.05,235.05,234.91,234.96,21685,21722,11.38,0.00,0.00,235.57,234.94,235.25,-1.98,0.00
02/22/2021,22:06,234.95,235.02,234.91,234.95,16275,13831,-2.46,0.00,0.00,235.58,234.91,235.25,7.57,0.00
02/22/2021,22:07,234.93,234.94,234.78,234.91,19880,14066,-0.64,0.00,0.00,235.60,234.88,235.24,-15.86,0.00
02/22/2021,22:08,234.92,234.93,234.86,234.88,12157,11891,-21.28,0.00,0.00,235.61,234.85,235.23,-15.08,0.00
02/22/2021,22:09,234.89,234.93,234.87,234.88,8116,9437,-28.06,0.00,0.00,235.63,234.80,235.22,-46.97,0.00
02/22/2021,22:10,234.87,235.05,234.86,235.00,16968,9609,-8.77,0.00,0.00,235.63,234.79,235.21,-31.08,0.00
02/22/2021,22:11,235.01,235.12,235.01,235.08,12285,14068,-4.86,0.00,0.00,235.62,234.78,235.20,-10.50,0.00
02/22/2021,22:12,235.09,235.14,235.05,235.11,12537,9752,-10.83,0.00,0.00,235.60,234.77,235.18,-31.45,0.00
02/22/2021,22:13,235.11,235.21,235.06,235.18,18054,11820,-3.43,0.00,0.00,235.56,234.78,235.17,32.66,0.00
02/22/2021,22:14,235.18,235.18,235.04,235.05,10419,12354,-5.41,0.00,0.00,235.51,234.78,235.15,73.55,0.00
02/22/2021,22:15,235.04,235.11,234.80,235.08,34199,43494,18.57,0.00,0.00,235.46,234.79,235.13,265.00,0.00
02/22/2021,22:16,235.06,235.21,235.02,235.21,9518,9265,26.89,0.00,0.00,235.45,234.80,235.12,-29.56,0.00
02/22/2021,22:17,235.23,235.31,235.21,235.24,30559,22279,13.07,0.00,0.00,235.41,234.81,235.11,89.44,0.00
02/22/2021,22:18,235.21,235.21,235.04,235.10,14055,13502,26.43,0.00,0.00,235.39,234.81,235.10,-7.63,0.00
02/22/2021,22:19,235.08,235.16,235.04,235.16,16371,4472,33.59,0.00,0.00,235.35,234.83,235.09,-51.98,0.00
02/22/2021,22:20,235.16,235.17,235.04,235.07,11813,16332,15.76,0.00,0.00,235.31,234.85,235.08,-6.51,0.00
02/22/2021,22:21,235.08,235.25,235.04,235.12,31022,16859,27.95,0.00,0.00,235.28,234.86,235.07,41.05,0.00
02/22/2021,22:22,235.08,235.22,235.07,235.11,17162,18295,33.35,0.00,0.00,235.27,234.86,235.07,47.44,0.00
02/22/2021,22:23,235.11,235.19,235.06,235.13,12617,9434,23.02,0.00,0.00,235.27,234.86,235.06,25.63,0.00
02/22/2021,22:24,235.14,235.27,235.14,235.27,17293,10217,16.94,0.00,0.00,235.30,234.85,235.07,3.51,0.00
02/22/2021,22:25,235.28,235.28,235.08,235.16,17081,17648,-1.57,0.00,0.00,235.30,234.87,235.08,31.78,0.00
02/22/2021,22:26,235.16,235.34,235.13,235.17,21574,19146,0.96,0.00,0.00,235.31,234.88,235.10,82.69,0.00
02/22/2021,22:27,235.17,235.29,235.17,235.21,12834,9623,3.22,0.00,0.00,235.31,234.91,235.11,-24.83,0.00
02/22/2021,22:28,235.22,235.37,235.18,235.22,21088,21628,4.91,0.00,0.00,235.30,234.95,235.13,87.57,0.00
02/22/2021,22:29,235.22,235.23,235.15,235.21,21295,19381,-0.66,0.00,0.00,235.28,235.01,235.14,-47.65,0.00
02/22/2021,22:30,235.22,235.23,235.06,235.10,21700,17398,4.42,0.00,0.00,235.27,235.03,235.15,108.16,0.00
02/22/2021,22:31,235.10,235.28,235.09,235.26,29315,16151,1.05,0.00,0.00,235.29,235.03,235.16,-13.95,0.00
02/22/2021,22:32,235.27,235.41,235.25,235.34,22632,26128,2.03,0.00,0.00,235.32,235.02,235.17,76.94,0.00
02/22/2021,22:33,235.31,235.31,235.13,235.25,22752,23658,7.71,0.00,0.00,235.33,235.02,235.17,122.66,0.00
02/22/2021,22:34,235.24,235.34,235.08,235.11,67622,17382,22.48,0.00,0.00,235.32,235.03,235.18,202.02,0.00
02/22/2021,22:35,235.11,235.19,234.99,234.99,27934,28158,17.28,0.00,0.00,235.33,235.01,235.17,17.15,0.00
02/22/2021,22:36,235.01,235.03,234.83,234.83,30512,27698,12.23,0.00,0.00,235.37,234.93,235.15,64.17,0.00
02/22/2021,22:37,234.81,234.85,234.75,234.78,27750,76182,8.25,0.00,0.00,235.40,234.86,235.13,371.33,0.00
02/22/2021,22:38,234.77,235.00,234.74,234.99,57766,48022,14.27,0.00,0.00,235.40,234.85,235.12,284.54,0.00
02/22/2021,22:39,234.99,234.99,234.81,234.85,43062,38631,25.10,0.00,0.00,235.41,234.81,235.11,135.23,0.00
02/22/2021,22:40,234.84,234.91,234.73,234.76,26587,29018,21.21,0.00,0.00,235.43,234.76,235.09,36.55,0.00
02/22/2021,22:41,234.77,234.88,234.76,234.80,25701,18333,8.63,0.00,0.00,235.43,234.72,235.08,96.08,0.00
02/22/2021,22:42,234.80,234.85,234.76,234.80,31556,29105,-0.92,0.00,0.00,235.44,234.68,235.06,42.01,0.00
02/22/2021,22:43,234.82,235.10,234.66,235.07,64749,48547,28.22,0.00,0.00,235.43,234.68,235.06,178.53,0.00
02/22/2021,22:44,235.07,235.15,235.01,235.05,24659,26407,8.78,0.00,0.00,235.41,234.68,235.05,30.61,0.00
02/22/2021,22:45,235.05,235.05,234.91,234.99,21429,22904,1.13,0.00,0.00,235.40,234.68,235.04,-2.49,0.00
02/22/2021,22:46,234.99,235.23,234.99,235.13,25625,25641,4.79,0.00,0.00,235.39,234.68,235.04,5.14,0.00
02/22/2021,22:47,235.11,235.30,235.05,235.18,29630,30371,20.20,0.00,0.00,235.39,234.68,235.04,29.28,0.00
02/22/2021,22:48,235.16,235.27,235.14,235.19,25596,24266,2.50,0.00,0.00,235.39,234.68,235.03,-41.34,0.00
02/22/2021,22:49,235.19,235.19,234.92,234.93,32399,42252,10.85,0.00,0.00,235.37,234.67,235.02,33.09,0.00
02/22/2021,22:50,234.93,235.03,234.78,234.79,28676,35444,15.81,0.00,0.00,235.36,234.65,235.00,10.15,0.00
02/22/2021,22:51,234.80,234.80,234.34,234.54,108919,136852,49.52,0.00,0.00,235.36,234.58,234.97,136.47,0.00
02/22/2021,22:52,234.52,234.70,234.37,234.45,54425,42938,72.00,0.00,0.00,235.34,234.51,234.92,-7.96,0.00
02/22/2021,22:53,234.45,234.53,234.32,234.44,46902,50794,24.50,0.00,0.00,235.32,234.45,234.88,19.59,0.00
02/22/2021,22:54,234.44,234.52,234.38,234.39,64891,63204,21.33,0.00,0.00,235.32,234.38,234.85,130.37,0.00
02/22/2021,22:55,234.38,234.47,234.06,234.35,127357,123127,44.76,0.00,0.00,235.33,234.30,234.82,468.84,0.00
02/22/2021,22:56,234.35,234.64,234.28,234.59,144155,106376,45.92,0.00,0.00,235.33,234.28,234.80,313.00,0.00
02/22/2021,22:57,234.59,234.61,234.25,234.39,102498,82249,45.50,0.00,0.00,235.34,234.23,234.78,63.07,0.00
02/22/2021,22:58,234.38,234.57,234.36,234.50,109690,96053,47.47,0.00,0.00,235.32,234.20,234.76,302.90,0.00
02/22/2021,22:59,234.51,234.72,234.34,234.57,158197,124036,45.87,0.00,0.00,235.31,234.18,234.75,536.62,0.00
02/22/2021,23:00,234.59,234.86,234.32,234.60,322552,335624,60.75,0.00,0.00,235.30,234.17,234.74,1183.85,0.00
